x y z
0.0 0.0 0.0
0.0 0.0416666679084301 0.0
0.0 0.0833333358168602 0.0
0.0 0.125 0.0
0.0 0.1666666716337204 0.0
0.0 0.2083333432674408 0.0
0.0 0.25 0.0
0.0 0.2916666865348816 0.0
0.0 0.3333333432674408 0.0
0.0 0.375 0.0
0.0 0.4166666865348816 0.0
0.0 0.4583333432674408 0.0
0.0 0.5 0.0
0.0 0.5416666269302368 0.0
0.0 0.5833333134651184 0.0
0.0 0.625 0.0
0.0 0.6666666269302368 0.0
0.0 0.7083333134651184 0.0
0.0 0.75 0.0
0.0 0.7916666865348816 0.0
0.0 0.8333333134651184 0.0
0.0 0.875 0.0
0.0 0.9166666865348816 0.0
0.0 0.9583333134651184 0.0
0.0 1.0 0.0
0.040816325694322586 0.0 0.05788752183366146
0.040816325694322586 0.0416666679084301 0.05075487278720568
0.040816325694322586 0.0833333358168602 0.0444411363495255
0.040816325694322586 0.125 0.04008528806074438
0.040816325694322586 0.1666666716337204 0.036704856867579294
0.040816325694322586 0.2083333432674408 0.033859939523922654
0.040816325694322586 0.25 0.032024050862430216
0.040816325694322586 0.2916666865348816 0.030709860786448433
0.040816325694322586 0.3333333432674408 0.02971781153728393
0.040816325694322586 0.375 0.029161390810937576
0.040816325694322586 0.4166666865348816 0.02882604723499086
0.040816325694322586 0.4583333432674408 0.028634692889253462
0.040816325694322586 0.5 0.028585238716539795
0.040816325694322586 0.5416666269302368 0.028634561741520778
0.040816325694322586 0.5833333134651184 0.028825787989181676
0.040816325694322586 0.625 0.029161047469643448
0.040816325694322586 0.6666666269302368 0.029717416895831204
0.040816325694322586 0.7083333134651184 0.03070944500980861
0.040816325694322586 0.75 0.03202364161444022
0.040816325694322586 0.7916666865348816 0.03385955197024934
0.040816325694322586 0.8333333134651184 0.03670450187987887
0.040816325694322586 0.875 0.04008496203900797
0.040816325694322586 0.9166666865348816 0.044440834384617586
0.040816325694322586 0.9583333134651184 0.05075458827281324
0.040816325694322586 1.0 0.0578872424689883
0.08163265138864517 0.0 0.11405308950022335
0.08163265138864517 0.0416666679084301 0.10007633868732077
0.08163265138864517 0.0833333358168602 0.087715459426887
0.08163265138864517 0.125 0.07920002975208217
0.08163265138864517 0.1666666716337204 0.07260574298054606
0.08163265138864517 0.2083333432674408 0.06707623844714546
0.08163265138864517 0.25 0.0635286452326805
0.08163265138864517 0.2916666865348816 0.06101063031582595
0.08163265138864517 0.3333333432674408 0.05913543372941192
0.08163265138864517 0.375 0.0581043493748383
0.08163265138864517 0.4166666865348816 0.05749781629911194
0.08163265138864517 0.4583333432674408 0.057160996201308135
0.08163265138864517 0.5 0.057075628359267244
0.08163265138864517 0.5416666269302368 0.0571607178388132
0.08163265138864517 0.5833333134651184 0.05749726883391405
0.08163265138864517 0.625 0.058103629381489524
0.08163265138864517 0.6666666269302368 0.059134613290939456
0.08163265138864517 0.7083333134651184 0.06100977521723775
0.08163265138864517 0.75 0.06352781174994225
0.08163265138864517 0.7916666865348816 0.06707545651086975
0.08163265138864517 0.8333333134651184 0.07260503355104268
0.08163265138864517 0.875 0.07919938289024626
0.08163265138864517 0.9166666865348816 0.0877148636765308
0.08163265138864517 0.9583333134651184 0.10007577963690109
0.08163265138864517 1.0 0.11405254122717527
0.12244898080825806 0.0 0.1668350552899508
0.12244898080825806 0.0416666679084301 0.14657967267981037
0.12244898080825806 0.0833333358168602 0.1286938364967715
0.12244898080825806 0.125 0.1164031409974952
0.12244898080825806 0.1666666716337204 0.10692131529356276
0.12244898080825806 0.2083333432674408 0.09902198728717164
0.12244898080825806 0.25 0.0940077099223079
0.12244898080825806 0.2916666865348816 0.09050536625119249
0.12244898080825806 0.3333333432674408 0.08796612067383945
0.12244898080825806 0.375 0.08662703872965619
0.12244898080825806 0.4166666865348816 0.0858816448874962
0.12244898080825806 0.4583333432674408 0.08549492117981021
0.12244898080825806 0.5 0.08540198759827246
0.12244898080825806 0.5416666269302368 0.0854944601030733
0.12244898080825806 0.5833333134651184 0.08588074587237839
0.12244898080825806 0.625 0.08662587042691132
0.12244898080825806 0.6666666269302368 0.08796480888656152
0.12244898080825806 0.7083333134651184 0.09050402395553937
0.12244898080825806 0.75 0.09400642311089918
0.12244898080825806 0.7916666865348816 0.09902079905280692
0.12244898080825806 0.8333333134651184 0.10692025442598277
0.12244898080825806 0.875 0.1164021853249202
0.12244898080825806 0.9166666865348816 0.1286929646395579
0.12244898080825806 0.9583333134651184 0.14657886006944398
0.12244898080825806 1.0 0.16683425994624929
0.16326530277729034 0.0 0.2202552288044892
0.16326530277729034 0.0416666679084301 0.19392745550902254
0.16326530277729034 0.0833333358168602 0.17074025428145326
0.16326530277729034 0.125 0.15487464049929647
0.16326530277729034 0.1666666716337204 0.14271534458666765
0.16326530277729034 0.2083333432674408 0.1327026469202844
0.16326530277729034 0.25 0.12647230124762415
0.16326530277729034 0.2916666865348816 0.12225692901955831
0.16326530277729034 0.3333333432674408 0.11937259521349523
0.16326530277729034 0.375 0.11800017342975055
0.16326530277729034 0.4166666865348816 0.11735250683056796
0.16326530277729034 0.4583333432674408 0.117096168405239
0.16326530277729034 0.5 0.11705057516068265
0.16326530277729034 0.5416666269302368 0.11709542759971202
0.16326530277729034 0.5833333134651184 0.1173510822422196
0.16326530277729034 0.625 0.11799835738627798
0.16326530277729034 0.6666666269302368 0.1193706043373709
0.16326530277729034 0.7083333134651184 0.12225495193369154
0.16326530277729034 0.75 0.12647045651651614
0.16326530277729034 0.7916666865348816 0.13270098687854825
0.16326530277729034 0.8333333134651184 0.14271390055058716
0.16326530277729034 0.875 0.1548733647898749
0.16326530277729034 0.9166666865348816 0.17073910808265957
0.16326530277729034 0.9583333134651184 0.19392639882231527
0.16326530277729034 1.0 0.2202541979181355
0.20408162474632263 0.0 0.2609398658938615
0.20408162474632263 0.0416666679084301 0.23033709382492618
0.20408162474632263 0.0833333358168602 0.20347115577485547
0.20408162474632263 0.125 0.18518641713177386
0.20408162474632263 0.1666666716337204 0.1712911846284501
0.20408162474632263 0.2083333432674408 0.16002553373742984
0.20408162474632263 0.25 0.15321091260409994
0.20408162474632263 0.2916666865348816 0.14882199576503613
0.20408162474632263 0.3333333432674408 0.14611399177591539
0.20408162474632263 0.375 0.14510089833588782
0.20408162474632263 0.4166666865348816 0.14486468033551014
0.20408162474632263 0.4583333432674408 0.1449680846706077
0.20408162474632263 0.5 0.1450384867773365
0.20408162474632263 0.5416666269302368 0.1449669963661578
0.20408162474632263 0.5833333134651184 0.14486261888711968
0.20408162474632263 0.625 0.14509832572811596
0.20408162474632263 0.6666666269302368 0.14611124617646704
0.20408162474632263 0.7083333134651184 0.14881936048926048
0.20408162474632263 0.75 0.15320852905590837
0.20408162474632263 0.7916666865348816 0.16002345170148466
0.20408162474632263 0.8333333134651184 0.17128942706461894
0.20408162474632263 0.875 0.18518489896015244
0.20408162474632263 0.9166666865348816 0.20346981550949805
0.20408162474632263 0.9583333134651184 0.23033587373685685
0.20408162474632263 1.0 0.26093868005237486
0.2448979616165161 0.0 0.29405085259927555
0.2448979616165161 0.0416666679084301 0.2604111670064383
0.2448979616165161 0.0833333358168602 0.23100257086780818
0.2448979616165161 0.125 0.21112932764474
0.2448979616165161 0.1666666716337204 0.19620150676764037
0.2448979616165161 0.2083333432674408 0.18436726779304588
0.2448979616165161 0.25 0.17751775817079765
0.2448979616165161 0.2916666865348816 0.17347599091338714
0.2448979616165161 0.3333333432674408 0.17151022321788065
0.2448979616165161 0.375 0.17133025543007527
0.2448979616165161 0.4166666865348816 0.1719141631699428
0.2448979616165161 0.4583333432674408 0.17269223766630284
0.2448979616165161 0.5 0.17297540548489762
0.2448979616165161 0.5416666269302368 0.17269068781324737
0.2448979616165161 0.5833333134651184 0.17191127463200978
0.2448979616165161 0.625 0.1713267332827654
0.2448979616165161 0.6666666269302368 0.17150657494409338
0.2448979616165161 0.7083333134651184 0.1734726227107022
0.2448979616165161 0.75 0.17751482012270017
0.2448979616165161 0.7916666865348816 0.18436479001920247
0.2448979616165161 0.8333333134651184 0.19619948860121214
0.2448979616165161 0.875 0.2111276306614963
0.2448979616165161 0.9166666865348816 0.23100110410338784
0.2448979616165161 0.9583333134651184 0.2604098520075421
0.2448979616165161 1.0 0.2940495803202648
0.2857142686843872 0.0 0.3187349893979592
0.2857142686843872 0.0416666679084301 0.283418724348372
0.2857142686843872 0.0833333358168602 0.2527094315420122
0.2857142686843872 0.125 0.23214963776935205
0.2857142686843872 0.1666666716337204 0.21694780318170273
0.2857142686843872 0.2083333432674408 0.20528004548336487
0.2857142686843872 0.25 0.19898880408323338
0.2857142686843872 0.2916666865348816 0.19586689610451127
0.2857142686843872 0.3333333432674408 0.195286499342318
0.2857142686843872 0.375 0.19649870934256555
0.2857142686843872 0.4166666865348816 0.1984004195304796
0.2857142686843872 0.4583333432674408 0.20024592257758428
0.2857142686843872 0.5 0.20086408096613417
0.2857142686843872 0.5416666269302368 0.2002438199210017
0.2857142686843872 0.5833333134651184 0.19839656106215933
0.2857142686843872 0.625 0.19649410999173889
0.2857142686843872 0.6666666269302368 0.1952818761444379
0.2857142686843872 0.7083333134651184 0.19586279634985526
0.2857142686843872 0.75 0.19898536386291943
0.2857142686843872 0.7916666865348816 0.20527725390107496
0.2857142686843872 0.8333333134651184 0.21694561860009492
0.2857142686843872 0.875 0.23214785620436706
0.2857142686843872 0.9166666865348816 0.25270792873276354
0.2857142686843872 0.9583333134651184 0.28341740082864303
0.2857142686843872 1.0 0.31873371571567166
0.3265306055545807 0.0 0.33443704624253257
0.3265306055545807 0.0416666679084301 0.29887110721118443
0.3265306055545807 0.0833333358168602 0.26815408943645974
0.3265306055545807 0.125 0.2478362695139766
0.3265306055545807 0.1666666716337204 0.2331302929181682
0.3265306055545807 0.2083333432674408 0.22236271680651878
0.3265306055545807 0.25 0.21721515904904382
0.3265306055545807 0.2916666865348816 0.21557997959116051
0.3265306055545807 0.3333333432674408 0.21703403059433254
0.3265306055545807 0.375 0.2202187570456151
0.3265306055545807 0.4166666865348816 0.2239682758900856
0.3265306055545807 0.4583333432674408 0.22730784114648533
0.3265306055545807 0.5 0.22839519295158078
0.3265306055545807 0.5416666269302368 0.22730520334472729
0.3265306055545807 0.5833333134651184 0.2239635002732292
0.3265306055545807 0.625 0.22021317777778288
0.3265306055545807 0.6666666269302368 0.2170285737816151
0.3265306055545807 0.7083333134651184 0.21557532145970015
0.3265306055545807 0.75 0.21721139647339208
0.3265306055545807 0.7916666865348816 0.22235978133875484
0.3265306055545807 0.8333333134651184 0.2331280908041016
0.3265306055545807 0.875 0.24783453257929158
0.3265306055545807 0.9166666865348816 0.2681526637672728
0.3265306055545807 0.9583333134651184 0.2988698771092266
0.3265306055545807 1.0 0.3344358698497133
0.36734694242477417 0.0 0.34092245079784683
0.36734694242477417 0.0416666679084301 0.3065419259281875
0.36734694242477417 0.0833333358168602 0.2771038549620788
0.36734694242477417 0.125 0.25793598602120527
0.36734694242477417 0.1666666716337204 0.24445917171352327
0.36734694242477417 0.2083333432674408 0.23526258552451362
0.36734694242477417 0.25 0.2317676491762531
0.36734694242477417 0.2916666865348816 0.2320918250670351
0.36734694242477417 0.3333333432674408 0.236109563542329
0.36734694242477417 0.375 0.24174020499800686
0.36734694242477417 0.4166666865348816 0.2477747138119799
0.36734694242477417 0.4583333432674408 0.252964594078809
0.36734694242477417 0.5 0.254634097100449
0.36734694242477417 0.5416666269302368 0.25296165232919426
0.36734694242477417 0.5833333134651184 0.2477694452482747
0.36734694242477417 0.625 0.2417341501848321
0.36734694242477417 0.6666666269302368 0.2361037761673236
0.36734694242477417 0.7083333134651184 0.23208704630795648
0.36734694242477417 0.75 0.23176392138118107
0.36734694242477417 0.7916666865348816 0.23525978498334948
0.36734694242477417 0.8333333134651184 0.2444571591854668
0.36734694242477417 0.875 0.25793445476088994
0.36734694242477417 0.9166666865348816 0.27710263669528196
0.36734694242477417 0.9583333134651184 0.30654090032281717
0.36734694242477417 1.0 0.3409214775399178
0.40816324949264526 0.0 0.3373379580299659
0.40816324949264526 0.0416666679084301 0.3059416512641065
0.40816324949264526 0.0833333358168602 0.2794006263972818
0.40816324949264526 0.125 0.26252831366664947
0.40816324949264526 0.1666666716337204 0.25120657166530197
0.40816324949264526 0.2083333432674408 0.24442221539338552
0.40816324949264526 0.25 0.2432044596540561
0.40816324949264526 0.2916666865348816 0.2460469474765589
0.40816324949264526 0.3333333432674408 0.2532254740199275
0.40816324949264526 0.375 0.26181530620273696
0.40816324949264526 0.4166666865348816 0.27059753116575225
0.40816324949264526 0.4583333432674408 0.27800978562556095
0.40816324949264526 0.5 0.28037885046301875
0.40816324949264526 0.5416666269302368 0.2780070979039545
0.40816324949264526 0.5833333134651184 0.2705927609086453
0.40816324949264526 0.625 0.261809900458462
0.40816324949264526 0.6666666269302368 0.2532204107256694
0.40816324949264526 0.7083333134651184 0.24604289364276172
0.40816324949264526 0.75 0.2432014050963934
0.40816324949264526 0.7916666865348816 0.24442001259735083
0.40816324949264526 0.8333333134651184 0.2512050689619242
0.40816324949264526 0.875 0.26252722554997604
0.40816324949264526 0.9166666865348816 0.2793998016011432
0.40816324949264526 0.9583333134651184 0.30594098578357104
0.40816324949264526 1.0 0.33733733544627936
0.44897958636283875 0.0 0.32498338741697885
0.44897958636283875 0.0416666679084301 0.2975860593409268
0.44897958636283875 0.0833333358168602 0.27478774354792074
0.44897958636283875 0.125 0.26072925061532193
0.44897958636283875 0.1666666716337204 0.2518769720411442
0.44897958636283875 0.2083333432674408 0.24762056868448834
0.44897958636283875 0.25 0.24856902700097824
0.44897958636283875 0.2916666865348816 0.25361781346794743
0.44897958636283875 0.3333333432674408 0.2633908529785589
0.44897958636283875 0.375 0.27431210651867954
0.44897958636283875 0.4166666865348816 0.2852132275705458
0.44897958636283875 0.4583333432674408 0.2943200962991356
0.44897958636283875 0.5 0.29722035640991773
0.44897958636283875 0.5416666269302368 0.29431832099074073
0.44897958636283875 0.5833333134651184 0.28521009651779766
0.44897958636283875 0.625 0.27430859445246575
0.44897958636283875 0.6666666269302368 0.263387615001528
0.44897958636283875 0.7083333134651184 0.25361528962882934
0.44897958636283875 0.75 0.24856719053380952
0.44897958636283875 0.7916666865348816 0.24761930806928162
0.44897958636283875 0.8333333134651184 0.2518761773987895
0.44897958636283875 0.875 0.26072872816531695
0.44897958636283875 0.9166666865348816 0.27478739226704524
0.44897958636283875 0.9583333134651184 0.297585810914443
0.44897958636283875 1.0 0.32498316658939197
0.4897959232330322 0.0 0.3048204968322702
0.4897959232330322 0.0416666679084301 0.2825217977134632
0.4897959232330322 0.0833333358168602 0.26439902320333203
0.4897959232330322 0.125 0.2537439793228773
0.4897959232330322 0.1666666716337204 0.2477398469305874
0.4897959232330322 0.2083333432674408 0.24618459249664748
0.4897959232330322 0.25 0.24921505307400438
0.4897959232330322 0.2916666865348816 0.25614740890898796
0.4897959232330322 0.3333333432674408 0.26787689440279844
0.4897959232330322 0.375 0.28038583355926866
0.4897959232330322 0.4166666865348816 0.2926364033743074
0.4897959232330322 0.4583333432674408 0.30277781237228724
0.4897959232330322 0.5 0.30599626121682943
0.4897959232330322 0.5416666269302368 0.3027774634314145
0.4897959232330322 0.5833333134651184 0.2926358013007302
0.4897959232330322 0.625 0.28038518484150554
0.4897959232330322 0.6666666269302368 0.26787633935725247
0.4897959232330322 0.7083333134651184 0.25614704338632993
0.4897959232330322 0.75 0.2492148630715771
0.4897959232330322 0.7916666865348816 0.24618454955772556
0.4897959232330322 0.8333333134651184 0.24773992511098386
0.4897959232330322 0.875 0.2537441302447523
0.4897959232330322 0.9166666865348816 0.2643992211799121
0.4897959232330322 0.9583333134651184 0.2825220246668627
0.4897959232330322 1.0 0.3048207316727407
0.5306122303009033 0.0 0.27794314837858164
0.5306122303009033 0.0416666679084301 0.2616381063371597
0.5306122303009033 0.0833333358168602 0.24893185870000722
0.5306122303009033 0.125 0.2421238594740971
0.5306122303009033 0.1666666716337204 0.2392135861802682
0.5306122303009033 0.2083333432674408 0.2403839960269723
0.5306122303009033 0.25 0.24526474344235083
0.5306122303009033 0.2916666865348816 0.25357982960137854
0.5306122303009033 0.3333333432674408 0.26637891352528487
0.5306122303009033 0.375 0.2794759734410921
0.5306122303009033 0.4166666865348816 0.2920526860641204
0.5306122303009033 0.4583333432674408 0.30235370755135027
0.5306122303009033 0.5 0.30560804526872215
0.5306122303009033 0.5416666269302368 0.3023549046482633
0.5306122303009033 0.5833333134651184 0.29205481990411525
0.5306122303009033 0.625 0.2794784132355055
0.5306122303009033 0.6666666269302368 0.2663812402362563
0.5306122303009033 0.7083333134651184 0.25358176798711585
0.5306122303009033 0.75 0.2452662994841179
0.5306122303009033 0.7916666865348816 0.24038523550717852
0.5306122303009033 0.8333333134651184 0.2392145770127297
0.5306122303009033 0.875 0.24212471095243596
0.5306122303009033 0.9166666865348816 0.2489326261364633
0.5306122303009033 0.9583333134651184 0.26163882511598163
0.5306122303009033 1.0 0.27794385438772623
0.5714285373687744 0.0 0.24570013959290343
0.5714285373687744 0.0416666679084301 0.23604550040859457
0.5714285373687744 0.0833333358168602 0.22928338795452038
0.5714285373687744 0.125 0.22661721458082312
0.5714285373687744 0.1666666716337204 0.22693117150375078
0.5714285373687744 0.2083333432674408 0.23075903373600748
0.5714285373687744 0.25 0.2372087049416389
0.5714285373687744 0.2916666865348816 0.2463882060064052
0.5714285373687744 0.3333333432674408 0.25938892776378114
0.5714285373687744 0.375 0.272119889204704
0.5714285373687744 0.4166666865348816 0.28405756160870893
0.5714285373687744 0.4583333432674408 0.2936983522283025
0.5714285373687744 0.5 0.2967246702659741
0.5714285373687744 0.5416666269302368 0.29370075655114575
0.5714285373687744 0.5833333134651184 0.2840618461716398
0.5714285373687744 0.625 0.27212478226557973
0.5714285373687744 0.6666666269302368 0.25939357795465606
0.5714285373687744 0.7083333134651184 0.24639204402107373
0.5714285373687744 0.75 0.2372117359770582
0.5714285373687744 0.7916666865348816 0.23076138584545386
0.5714285373687744 0.8333333134651184 0.22693297808010943
0.5714285373687744 0.875 0.22661870701188055
0.5714285373687744 0.9166666865348816 0.2292846860244463
0.5714285373687744 0.9583333134651184 0.23604668345461183
0.5714285373687744 1.0 0.24570129206048694
0.6122449040412903 0.0 0.2096401498247052
0.6122449040412903 0.0416666679084301 0.20703005714093078
0.6122449040412903 0.0833333358168602 0.20651262124882303
0.6122449040412903 0.125 0.20813603763709562
0.6122449040412903 0.1666666716337204 0.2117087222174298
0.6122449040412903 0.2083333432674408 0.21808638790921325
0.6122449040412903 0.25 0.22586300458460365
0.6122449040412903 0.2916666865348816 0.23551415500390682
0.6122449040412903 0.3333333432674408 0.24810252942173006
0.6122449040412903 0.375 0.2598207825589613
0.6122449040412903 0.4166666865348816 0.2704826454412329
0.6122449040412903 0.4583333432674408 0.27893160241885423
0.6122449040412903 0.5 0.2815600888480983
0.6122449040412903 0.5416666269302368 0.2789345960918313
0.6122449040412903 0.5833333134651184 0.2704880090853688
0.6122449040412903 0.625 0.25982695784319815
0.6122449040412903 0.6666666269302368 0.24810846361773736
0.6122449040412903 0.7083333134651184 0.23551912756652468
0.6122449040412903 0.75 0.2258669872641292
0.6122449040412903 0.7916666865348816 0.21808951600890464
0.6122449040412903 0.8333333134651184 0.21171114482549416
0.6122449040412903 0.875 0.20813804285924625
0.6122449040412903 0.9166666865348816 0.2065143623935649
0.6122449040412903 0.9583333134651184 0.2070316392620285
0.6122449040412903 1.0 0.20964168926341614
0.6530612111091614 0.0 0.16660728807766545
0.6530612111091614 0.0416666679084301 0.17204805909993873
0.6530612111091614 0.0833333358168602 0.1786227344244489
0.6530612111091614 0.125 0.18506756067435098
0.6530612111091614 0.1666666716337204 0.19224237080503523
0.6530612111091614 0.2083333432674408 0.20134563924265952
0.6530612111091614 0.25 0.2104276936700467
0.6530612111091614 0.2916666865348816 0.22037398677191536
0.6530612111091614 0.3333333432674408 0.23219825881173742
0.6530612111091614 0.375 0.242509805498724
0.6530612111091614 0.4166666865348816 0.25150450484904274
0.6530612111091614 0.4583333432674408 0.25843658907762374
0.6530612111091614 0.5 0.26056388636947786
0.6530612111091614 0.5416666269302368 0.25843952732389724
0.6530612111091614 0.5833333134651184 0.2515098247953526
0.6530612111091614 0.625 0.24251602893606464
0.6530612111091614 0.6666666269302368 0.23220437337124258
0.6530612111091614 0.7083333134651184 0.22037927423463458
0.6530612111091614 0.75 0.21043206403711193
0.6530612111091614 0.7916666865348816 0.2013491808327031
0.6530612111091614 0.8333333134651184 0.1922451979212718
0.6530612111091614 0.875 0.1850699477436921
0.6530612111091614 0.9166666865348816 0.17862483417759453
0.6530612111091614 0.9583333134651184 0.17204998172536853
0.6530612111091614 1.0 0.1666091625598098
0.6938775181770325 0.0 0.12809176955038343
0.6938775181770325 0.0416666679084301 0.14048906102809458
0.6938775181770325 0.0833333358168602 0.15316504403801406
0.6938775181770325 0.125 0.16373043428177012
0.6938775181770325 0.1666666716337204 0.1739563339755565
0.6938775181770325 0.2083333432674408 0.185337602617243
0.6938775181770325 0.25 0.19548871464776324
0.6938775181770325 0.2916666865348816 0.20566176900217056
0.6938775181770325 0.3333333432674408 0.21685518559933237
0.6938775181770325 0.375 0.22603794421115
0.6938775181770325 0.4166666865348816 0.23371439792525822
0.6938775181770325 0.4583333432674408 0.23945869119402166
0.6938775181770325 0.5 0.24119531869463218
0.6938775181770325 0.5416666269302368 0.23946118567307115
0.6938775181770325 0.5833333134651184 0.2337189738746488
0.6938775181770325 0.625 0.2260434034387767
0.6938775181770325 0.6666666269302368 0.2168606954540648
0.6938775181770325 0.7083333134651184 0.20566671527570102
0.6938775181770325 0.75 0.19549295666395228
0.6938775181770325 0.7916666865348816 0.18534116813309734
0.6938775181770325 0.8333333134651184 0.17395928499716823
0.6938775181770325 0.875 0.16373298932351796
0.6938775181770325 0.9166666865348816 0.15316733166651678
0.6938775181770325 0.9583333134651184 0.14049117972808278
0.6938775181770325 1.0 0.12809384174367855
0.7346938848495483 0.0 0.0911168116670637
0.7346938848495483 0.0416666679084301 0.10999642277682371
0.7346938848495483 0.0833333358168602 0.12834060512040738
0.7346938848495483 0.125 0.14271885754456368
0.7346938848495483 0.1666666716337204 0.15575729430631247
0.7346938848495483 0.2083333432674408 0.16923750981745866
0.7346938848495483 0.25 0.18039339818356226
0.7346938848495483 0.2916666865348816 0.19083737123366876
0.7346938848495483 0.3333333432674408 0.20159174128455468
0.7346938848495483 0.375 0.20992336878081608
0.7346938848495483 0.4166666865348816 0.21659861239103026
0.7346938848495483 0.4583333432674408 0.22144240080081617
0.7346938848495483 0.5 0.22288342212241113
0.7346938848495483 0.5416666269302368 0.22144434119693512
0.7346938848495483 0.5833333134651184 0.2166022301439334
0.7346938848495483 0.625 0.20992778938424053
0.7346938848495483 0.6666666269302368 0.2015963479343751
0.7346938848495483 0.7083333134651184 0.19084168938886753
0.7346938848495483 0.75 0.18039725799445086
0.7346938848495483 0.7916666865348816 0.16924088707536375
0.7346938848495483 0.8333333134651184 0.15576020216086117
0.7346938848495483 0.875 0.14272144600052633
0.7346938848495483 0.9166666865348816 0.12834296940630266
0.7346938848495483 0.9583333134651184 0.10999864156889226
0.7346938848495483 1.0 0.0911189898412384
0.7755101919174194 0.0 0.057297621438566246
0.7755101919174194 0.0416666679084301 0.08192852482139103
0.7755101919174194 0.0833333358168602 0.10528754313925053
0.7755101919174194 0.125 0.12302758944739559
0.7755101919174194 0.1666666716337204 0.13853953648141504
0.7755101919174194 0.2083333432674408 0.15387084483428837
0.7755101919174194 0.25 0.16593819762487888
0.7755101919174194 0.2916666865348816 0.17668969567776324
0.7755101919174194 0.3333333432674408 0.18720144728566723
0.7755101919174194 0.375 0.19496503330178552
0.7755101919174194 0.4166666865348816 0.20095740181085622
0.7755101919174194 0.4583333432674408 0.20518544218218768
0.7755101919174194 0.5 0.2064244805042382
0.7755101919174194 0.5416666269302368 0.20518688128261442
0.7755101919174194 0.5833333134651184 0.20096013457648826
0.7755101919174194 0.625 0.19496846219631253
0.7755101919174194 0.6666666269302368 0.18720514594431026
0.7755101919174194 0.7083333134651184 0.17669332290810952
0.7755101919174194 0.75 0.16594157891291775
0.7755101919174194 0.7916666865348816 0.15387392411553366
0.7755101919174194 0.8333333134651184 0.13854229335170198
0.7755101919174194 0.875 0.12303011206791718
0.7755101919174194 0.9166666865348816 0.1052898940399059
0.7755101919174194 0.9583333134651184 0.0819307609326146
0.7755101919174194 1.0 0.057299825021547644
0.8163264989852905 0.0 0.02808075631366543
0.8163264989852905 0.0416666679084301 0.05750286002170641
0.8163264989852905 0.0833333358168602 0.08502389602188071
0.8163264989852905 0.125 0.10554027572331444
0.8163264989852905 0.1666666716337204 0.12308489796634149
0.8163264989852905 0.2083333432674408 0.1399338297438851
0.8163264989852905 0.25 0.1527583592836775
0.8163264989852905 0.2916666865348816 0.16379590455320428
0.8163264989852905 0.3333333432674408 0.17418763357425263
0.8163264989852905 0.375 0.1815895163379564
0.8163264989852905 0.4166666865348816 0.18713819017879704
0.8163264989852905 0.4583333432674408 0.19096592475360052
0.8163264989852905 0.5 0.1920738947280215
0.8163264989852905 0.5416666269302368 0.1909669767528191
0.8163264989852905 0.5833333134651184 0.18714022565262015
0.8163264989852905 0.625 0.18159213910154995
0.8163264989852905 0.6666666269302368 0.17419055993475455
0.8163264989852905 0.7083333134651184 0.1637989008027477
0.8163264989852905 0.75 0.1527612641112307
0.8163264989852905 0.7916666865348816 0.13993657464402026
0.8163264989852905 0.8333333134651184 0.12308744558836757
0.8163264989852905 0.875 0.10554266732684016
0.8163264989852905 0.9166666865348816 0.08502616723881373
0.8163264989852905 0.9583333134651184 0.05750504805043962
0.8163264989852905 1.0 0.02808292037988828
0.8571428656578064 0.0 0.004685945069881894
0.8571428656578064 0.0416666679084301 0.03774719875300028
0.8571428656578064 0.0833333358168602 0.06840769051928473
0.8571428656578064 0.125 0.09099701684381298
0.8571428656578064 0.1666666716337204 0.11003897478628741
0.8571428656578064 0.2083333432674408 0.12798373694387208
0.8571428656578064 0.25 0.14133850335071474
0.8571428656578064 0.2916666865348816 0.15256360072775765
0.8571428656578064 0.3333333432674408 0.16285762899694417
0.8571428656578064 0.375 0.1700036260076328
0.8571428656578064 0.4166666865348816 0.17524867348057285
0.8571428656578064 0.4583333432674408 0.17880777666504186
0.8571428656578064 0.5 0.17982862779620923
0.8571428656578064 0.5416666269302368 0.1788085529982618
0.8571428656578064 0.5833333134651184 0.175250201826375
0.8571428656578064 0.625 0.1700056436114806
0.8571428656578064 0.6666666269302368 0.16285994944290916
0.8571428656578064 0.7083333134651184 0.15256606878596002
0.8571428656578064 0.75 0.14134097962561967
0.8571428656578064 0.7916666865348816 0.1279861535842503
0.8571428656578064 0.8333333134651184 0.11004128981600268
0.8571428656578064 0.875 0.09099924000511475
0.8571428656578064 0.9166666865348816 0.0684098377097608
0.8571428656578064 0.9583333134651184 0.03774929122179117
0.8571428656578064 1.0 0.004688021462122348
0.8979591727256775 0.0 -0.013507901705407778
0.8979591727256775 0.0416666679084301 0.02208945225649437
0.8979591727256775 0.0833333358168602 0.0548970502317856
0.8979591727256775 0.125 0.07886156599956266
0.8979591727256775 0.1666666716337204 0.09885092801294404
0.8979591727256775 0.2083333432674408 0.11742753540857259
0.8979591727256775 0.25 0.1310231261872467
0.8979591727256775 0.2916666865348816 0.1422501962339968
0.8979591727256775 0.3333333432674408 0.15234459030875866
0.8979591727256775 0.375 0.15921700686386592
0.8979591727256775 0.4166666865348816 0.1641811290613545
0.8979591727256775 0.4583333432674408 0.16750753884306488
0.8979591727256775 0.5 0.16845500496654586
0.8979591727256775 0.5416666269302368 0.16750810544223643
0.8979591727256775 0.5833333134651184 0.1641822628776447
0.8979591727256775 0.625 0.15921853798075147
0.8979591727256775 0.6666666269302368 0.1523464016233
0.8979591727256775 0.7083333134651184 0.14225219197405892
0.8979591727256775 0.75 0.13102519338670723
0.8979591727256775 0.7916666865348816 0.11742961456408682
0.8979591727256775 0.8333333134651184 0.09885298014988525
0.8979591727256775 0.875 0.07886357991647769
0.8979591727256775 0.9166666865348816 0.05489902724317561
0.8979591727256775 0.9583333134651184 0.022091400509053206
0.8979591727256775 1.0 -0.013505962198242662
0.9387754797935486 0.0 -0.021774003599367292
0.9387754797935486 0.0416666679084301 0.014590875493928837
0.9387754797935486 0.0833333358168602 0.04798271473250119
0.9387754797935486 0.125 0.07225015671076918
0.9387754797935486 0.1666666716337204 0.09236608290989931
0.9387754797935486 0.2083333432674408 0.11090643431350976
0.9387754797935486 0.25 0.12434171996191937
0.9387754797935486 0.2916666865348816 0.13532098639016263
0.9387754797935486 0.3333333432674408 0.14507824759166174
0.9387754797935486 0.375 0.15164550796289974
0.9387754797935486 0.4166666865348816 0.1563448101353276
0.9387754797935486 0.4583333432674408 0.15947064468897407
0.9387754797935486 0.5 0.16035734091739767
0.9387754797935486 0.5416666269302368 0.15947108489375994
0.9387754797935486 0.5833333134651184 0.15634570114813928
0.9387754797935486 0.625 0.1516467304473128
0.9387754797935486 0.6666666269302368 0.14507972268396108
0.9387754797935486 0.7083333134651184 0.13532265262261337
0.9387754797935486 0.75 0.12434348541229927
0.9387754797935486 0.7916666865348816 0.11090824887722547
0.9387754797935486 0.8333333134651184 0.0923679132471706
0.9387754797935486 0.875 0.07225198184214708
0.9387754797935486 0.9166666865348816 0.04798452815972819
0.9387754797935486 0.9583333134651184 0.01459267746778866
0.9387754797935486 1.0 -0.021772205401426794
0.9795918464660645 0.0 -0.02230986856496782
0.9795918464660645 0.0416666679084301 0.013386998848326384
0.9795918464660645 0.0833333358168602 0.04608172193965021
0.9795918464660645 0.125 0.06975867431028694
0.9795918464660645 0.1666666716337204 0.08930028235192629
0.9795918464660645 0.2083333432674408 0.10720873250436908
0.9795918464660645 0.25 0.12009788301936025
0.9795918464660645 0.2916666865348816 0.13055560663478408
0.9795918464660645 0.3333333432674408 0.13977579706648027
0.9795918464660645 0.375 0.14593347374133128
0.9795918464660645 0.4166666865348816 0.15031174329297708
0.9795918464660645 0.4583333432674408 0.15320959449103053
0.9795918464660645 0.5 0.1540293549801596
0.9795918464660645 0.5416666269302368 0.153209944785919
0.9795918464660645 0.5833333134651184 0.1503124586392981
0.9795918464660645 0.625 0.14593446742987945
0.9795918464660645 0.6666666269302368 0.1397770148327229
0.9795918464660645 0.7083333134651184 0.13055700954485247
0.9795918464660645 0.75 0.12009939663597392
0.9795918464660645 0.7916666865348816 0.10721031568982334
0.9795918464660645 0.8333333134651184 0.08930190785704334
0.9795918464660645 0.875 0.06976031659410072
0.9795918464660645 0.9166666865348816 0.04608337005311654
0.9795918464660645 0.9583333134651184 0.013388647903723525
0.9795918464660645 1.0 -0.02230821967366151
1.0204081535339355 0.0 -0.015185011806722501
1.0204081535339355 0.0416666679084301 0.018432604563663607
1.0204081535339355 0.0833333358168602 0.049168287771324086
1.0204081535339355 0.125 0.07137197866378048
1.0204081535339355 0.1666666716337204 0.08964275065380829
1.0204081535339355 0.2083333432674408 0.10632072911117796
1.0204081535339355 0.25 0.11826813292038676
1.0204081535339355 0.2916666865348816 0.1279143321598096
1.0204081535339355 0.3333333432674408 0.13637312420777062
1.0204081535339355 0.375 0.14199257143926874
1.0204081535339355 0.4166666865348816 0.14597101021753073
1.0204081535339355 0.4583333432674408 0.1485954255313651
1.0204081535339355 0.5 0.14933646060794234
1.0204081535339355 0.5416666269302368 0.14859571000225116
1.0204081535339355 0.5833333134651184 0.14597159512961547
1.0204081535339355 0.625 0.14199339176704626
1.0204081535339355 0.6666666269302368 0.13637414175413864
1.0204081535339355 0.7083333134651184 0.12791552269616868
1.0204081535339355 0.75 0.11826943600014758
1.0204081535339355 0.7916666865348816 0.10632211130460814
1.0204081535339355 0.8333333134651184 0.08964419023375664
1.0204081535339355 0.875 0.07137344868030923
1.0204081535339355 0.9166666865348816 0.0491697750626918
1.0204081535339355 0.9583333134651184 0.018434101140944213
1.0204081535339355 1.0 -0.01518351292555444
1.0612244606018066 0.0 -0.000798182519338588
1.0612244606018066 0.0416666679084301 0.02940968844635948
1.0612244606018066 0.0833333358168602 0.056994888747218066
1.0612244606018066 0.125 0.07688973084789255
1.0612244606018066 0.1666666716337204 0.09322761679102165
1.0612244606018066 0.2083333432674408 0.10810181768432774
1.0612244606018066 0.25 0.11872366424018961
1.0612244606018066 0.2916666865348816 0.1272715744965091
1.0612244606018066 0.3333333432674408 0.1347403032093096
1.0612244606018066 0.375 0.13968465893857443
1.0612244606018066 0.4166666865348816 0.14317519597072428
1.0612244606018066 0.4583333432674408 0.14547267277840817
1.0612244606018066 0.5 0.14612060114468084
1.0612244606018066 0.5416666269302368 0.14547290766830756
1.0612244606018066 0.5833333134651184 0.14317568149252435
1.0612244606018066 0.625 0.1396853449493925
1.0612244606018066 0.6666666269302368 0.1347411622040678
1.0612244606018066 0.7083333134651184 0.1272725918056766
1.0612244606018066 0.75 0.11872479043673216
1.0612244606018066 0.7916666865348816 0.10810302563692263
1.0612244606018066 0.8333333134651184 0.0932288893778534
1.0612244606018066 0.875 0.07689104152420231
1.0612244606018066 0.9166666865348816 0.056996223567466274
1.0612244606018066 0.9583333134651184 0.029411037758276262
1.0612244606018066 1.0 -0.0007968293359669811
1.1020408868789673 0.0 0.020142811313331704
1.1020408868789673 0.0416666679084301 0.045744470976199575
1.1020408868789673 0.0833333358168602 0.06910662971114302
1.1020408868789673 0.125 0.08593904580588807
1.1020408868789673 0.1666666716337204 0.09974524672306044
1.1020408868789673 0.2083333432674408 0.1122945034409035
1.1020408868789673 0.25 0.12123903718964978
1.1020408868789673 0.2916666865348816 0.12842281161686742
1.1020408868789673 0.3333333432674408 0.1346858561728584
1.1020408868789673 0.375 0.1388231759203302
1.1020408868789673 0.4166666865348816 0.14173889524980543
1.1020408868789673 0.4583333432674408 0.1436554309682536
1.1020408868789673 0.5 0.14419552602865773
1.1020408868789673 0.5416666269302368 0.1436556275320029
1.1020408868789673 0.5833333134651184 0.14173930321302625
1.1020408868789673 0.625 0.13882375567875133
1.1020408868789673 0.6666666269302368 0.13468658747550077
1.1020408868789673 0.7083333134651184 0.12842368598118697
1.1020408868789673 0.75 0.12124001384255145
1.1020408868789673 0.7916666865348816 0.11229556027405511
1.1020408868789673 0.8333333134651184 0.09974637028676647
1.1020408868789673 0.875 0.08594021094366361
1.1020408868789673 0.9166666865348816 0.06910782257026
1.1020408868789673 0.9583333134651184 0.04574568121781824
1.1020408868789673 1.0 0.020144026321010797
1.1428571939468384 0.0 0.05030000975414326
1.1428571939468384 0.0416666679084301 0.06951775692054997
1.1428571939468384 0.0833333358168602 0.08705085854554659
1.1428571939468384 0.125 0.09967971702071661
1.1428571939468384 0.1666666716337204 0.11003413524544715
1.1428571939468384 0.2083333432674408 0.11944083086003358
1.1428571939468384 0.25 0.12614095543484222
1.1428571939468384 0.2916666865348816 0.13151811936780305
1.1428571939468384 0.3333333432674408 0.1362020587113484
1.1428571939468384 0.375 0.13929353307844686
1.1428571939468384 0.4166666865348816 0.14147061586712562
1.1428571939468384 0.4583333432674408 0.142900810565308
1.1428571939468384 0.5 0.1433037263454989
1.1428571939468384 0.5416666269302368 0.14290097347702962
1.1428571939468384 0.5833333134651184 0.1414709551751264
1.1428571939468384 0.625 0.13929401767206817
1.1428571939468384 0.6666666269302368 0.13620267386821874
1.1428571939468384 0.7083333134651184 0.1315188609650764
1.1428571939468384 0.75 0.12614179027485306
1.1428571939468384 0.7916666865348816 0.11944174123550831
1.1428571939468384 0.8333333134651184 0.11003511087119042
1.1428571939468384 0.875 0.0996807348612821
1.1428571939468384 0.9166666865348816 0.08705190545193663
1.1428571939468384 0.9583333134651184 0.06951882253261905
1.1428571939468384 1.0 0.05030108057127511
1.1836735010147095 0.0 0.08160866846552786
1.1836735010147095 0.0416666679084301 0.09433225445950906
1.1836735010147095 0.0833333358168602 0.10594880445444106
1.1836735010147095 0.125 0.11432400493888185
1.1836735010147095 0.1666666716337204 0.12119834618536875
1.1836735010147095 0.2083333432674408 0.12745178478948588
1.1836735010147095 0.25 0.13191238352957882
1.1836735010147095 0.2916666865348816 0.13549716355381572
1.1836735010147095 0.3333333432674408 0.1386241264532457
1.1836735010147095 0.375 0.14069053114812696
1.1836735010147095 0.4166666865348816 0.14214710017367846
1.1836735010147095 0.4583333432674408 0.14310462873872
1.1836735010147095 0.5 0.14337449254676274
1.1836735010147095 0.5416666269302368 0.1431047678166502
1.1836735010147095 0.5833333134651184 0.14214739053280587
1.1836735010147095 0.625 0.14069094723830936
1.1836735010147095 0.6666666269302368 0.13862465694317652
1.1836735010147095 0.7083333134651184 0.13549780670545689
1.1836735010147095 0.75 0.13191311143170714
1.1836735010147095 0.7916666865348816 0.12745258277750826
1.1836735010147095 0.8333333134651184 0.12119920609813982
1.1836735010147095 0.875 0.11432490580597413
1.1836735010147095 0.9166666865348816 0.10594973403172504
1.1836735010147095 0.9583333134651184 0.09433320277647472
1.1836735010147095 1.0 0.08160962203797568
1.2244898080825806 0.0 0.11567978967842649
1.2244898080825806 0.0416666679084301 0.12140535259056459
1.2244898080825806 0.0833333358168602 0.12665394036125852
1.2244898080825806 0.125 0.1304584739505017
1.2244898080825806 0.1666666716337204 0.13360081492524267
1.2244898080825806 0.2083333432674408 0.13648143260990117
1.2244898080825806 0.25 0.13855378621527403
1.2244898080825806 0.2916666865348816 0.14023308416707425
1.2244898080825806 0.3333333432674408 0.1417103991877608
1.2244898080825806 0.375 0.14269423721966656
1.2244898080825806 0.4166666865348816 0.14339185930233136
1.2244898080825806 0.4583333432674408 0.14385250960350116
1.2244898080825806 0.5 0.14398266121571823
1.2244898080825806 0.5416666269302368 0.1438526290863442
1.2244898080825806 0.5833333134651184 0.14339210921491377
1.2244898080825806 0.625 0.14269459629323497
1.2244898080825806 0.6666666269302368 0.1417108585342201
1.2244898080825806 0.7083333134651184 0.14023364353050544
1.2244898080825806 0.75 0.13855442194674378
1.2244898080825806 0.7916666865348816 0.1364821324619108
1.2244898080825806 0.8333333134651184 0.1336015723628854
1.2244898080825806 0.875 0.13045927006942046
1.2244898080825806 0.9166666865348816 0.126654763936946
1.2244898080825806 0.9583333134651184 0.1214061942608498
1.2244898080825806 1.0 0.11568063645002578
1.2653061151504517 0.0 0.1509752568151947
1.2653061151504517 0.0416666679084301 0.14947687857170838
1.2653061151504517 0.0833333358168602 0.14815635087133242
1.2653061151504517 0.125 0.14725021045385198
1.2653061151504517 0.1666666716337204 0.14655056373508338
1.2653061151504517 0.2083333432674408 0.14596404248863443
1.2653061151504517 0.25 0.14558559827336615
1.2653061151504517 0.2916666865348816 0.1453129910760482
1.2653061151504517 0.3333333432674408 0.14510375227840056
1.2653061151504517 0.375 0.14498288090208816
1.2653061151504517 0.4166666865348816 0.14490720505178717
1.2653061151504517 0.4583333432674408 0.14486217462814754
1.2653061151504517 0.5 0.14485023124635094
1.2653061151504517 0.5416666269302368 0.14486227777060057
1.2653061151504517 0.5833333134651184 0.14490742109796645
1.2653061151504517 0.625 0.1449831919535377
1.2653061151504517 0.6666666269302368 0.1451041512417818
1.2653061151504517 0.7083333134651184 0.14531347858628385
1.2653061151504517 0.75 0.14558615416035833
1.2653061151504517 0.7916666865348816 0.14596465644239268
1.2653061151504517 0.8333333134651184 0.14655123046914395
1.2653061151504517 0.875 0.14725091304439566
1.2653061151504517 0.9166666865348816 0.14815707914216295
1.2653061151504517 0.9583333134651184 0.14947762388221159
1.2653061151504517 1.0 0.15097600694741856
1.3061224222183228 0.0 0.18590342322366046
1.3061224222183228 0.0416666679084301 0.17724224339567538
1.3061224222183228 0.0833333358168602 0.169410103788337
1.3061224222183228 0.125 0.16383644051954274
1.3061224222183228 0.1666666716337204 0.159331939686417
1.3061224222183228 0.2083333432674408 0.15531412443777307
1.3061224222183228 0.25 0.1525122109869883
1.3061224222183228 0.2916666865348816 0.15031114042996901
1.3061224222183228 0.3333333432674408 0.14843721280865635
1.3061224222183228 0.375 0.1472269878693264
1.3061224222183228 0.4166666865348816 0.1463893543402567
1.3061224222183228 0.4583333432674408 0.1458463605420378
1.3061224222183228 0.5 0.14569453805009233
1.3061224222183228 0.5416666269302368 0.14584644989402482
1.3061224222183228 0.5833333134651184 0.1463895417106249
1.3061224222183228 0.625 0.14722725806588327
1.3061224222183228 0.6666666269302368 0.14843756008248984
1.3061224222183228 0.7083333134651184 0.1503115659212463
1.3061224222183228 0.75 0.15251269739977893
1.3061224222183228 0.7916666865348816 0.15531466303216512
1.3061224222183228 0.8333333134651184 0.15933252614100846
1.3061224222183228 0.875 0.1638370597616116
1.3061224222183228 0.9166666865348816 0.1694107466674084
1.3061224222183228 0.9583333134651184 0.17724290203682175
1.3061224222183228 1.0 0.1859040863369986
1.3469388484954834 0.0 0.21888445845354218
1.3469388484954834 0.0416666679084301 0.20340629472768504
1.3469388484954834 0.0833333358168602 0.1893766195692565
1.3469388484954834 0.125 0.17936034561680628
1.3469388484954834 0.1666666716337204 0.1712342269813117
1.3469388484954834 0.2083333432674408 0.16395038344041413
1.3469388484954834 0.25 0.15884186297523747
1.3469388484954834 0.2916666865348816 0.15480552858543997
1.3469388484954834 0.3333333432674408 0.15134763629127568
1.3469388484954834 0.375 0.14910109587980575
1.3469388484954834 0.4166666865348816 0.14753874119722768
1.3469388484954834 0.4583333432674408 0.14652219591029017
1.3469388484954834 0.5 0.14623736446934066
1.3469388484954834 0.5416666269302368 0.1465222735058167
1.3469388484954834 0.5833333134651184 0.14753890405661313
1.3469388484954834 0.625 0.14910133102246753
1.3469388484954834 0.6666666269302368 0.15134793899526994
1.3469388484954834 0.7083333134651184 0.15480590024672503
1.3469388484954834 0.75 0.1588422887001268
1.3469388484954834 0.7916666865348816 0.16395085577633775
1.3469388484954834 0.8333333134651184 0.1712347423603856
1.3469388484954834 0.875 0.1793608906693392
1.3469388484954834 0.9166666865348816 0.18937718611891471
1.3469388484954834 0.9583333134651184 0.20340687566547938
1.3469388484954834 1.0 0.2188850434818163
1.3877551555633545 0.0 0.2517939487689048
1.3877551555633545 0.0416666679084301 0.22939644680132934
1.3877551555633545 0.0833333358168602 0.20907305902851617
1.3877551555633545 0.125 0.1945423342622392
1.3877551555633545 0.1666666716337204 0.18273342032173012
1.3877551555633545 0.2083333432674408 0.17212564861092872
1.3877551555633545 0.25 0.16466764084783211
1.3877551555633545 0.2916666865348816 0.15876050451151724
1.3877551555633545 0.3333333432674408 0.15368681632292677
1.3877551555633545 0.375 0.15038249580397794
1.3877551555633545 0.4166666865348816 0.14808009012551984
1.3877551555633545 0.4583333432674408 0.14657982986804408
1.3877551555633545 0.5 0.14615911385825603
1.3877551555633545 0.5416666269302368 0.1465798961921517
1.3877551555633545 0.5833333134651184 0.1480802294330883
1.3877551555633545 0.625 0.15038269715737987
1.3877551555633545 0.6666666269302368 0.15368707588730882
1.3877551555633545 0.7083333134651184 0.15876082378341444
1.3877551555633545 0.75 0.16466800719434302
1.3877551555633545 0.7916666865348816 0.17212605576815673
1.3877551555633545 0.8333333134651184 0.18273386538280395
1.3877551555633545 0.875 0.19454280559191042
1.3877551555633545 0.9166666865348816 0.20907354946662185
1.3877551555633545 0.9583333134651184 0.22939695006813043
1.3877551555633545 1.0 0.2517944556888596
1.4285714626312256 0.0 0.27582046860877035
1.4285714626312256 0.0416666679084301 0.24820922898461922
1.4285714626312256 0.0833333358168602 0.22313783769924356
1.4285714626312256 0.125 0.2051960870181045
1.4285714626312256 0.1666666716337204 0.1905996834018967
1.4285714626312256 0.2083333432674408 0.17747089603511668
1.4285714626312256 0.25 0.16822709025161223
1.4285714626312256 0.2916666865348816 0.1608951719046978
1.4285714626312256 0.3333333432674408 0.15458852905653594
1.4285714626312256 0.375 0.15047569386006432
1.4285714626312256 0.4166666865348816 0.14760692490738575
1.4285714626312256 0.4583333432674408 0.14573614202197338
1.4285714626312256 0.5 0.14521128998796698
1.4285714626312256 0.5416666269302368 0.14573619974317387
1.4285714626312256 0.5833333134651184 0.14760704620750792
1.4285714626312256 0.625 0.15047586931369303
1.4285714626312256 0.6666666269302368 0.15458875544616674
1.4285714626312256 0.7083333134651184 0.16089545071431285
1.4285714626312256 0.75 0.16822741054646312
1.4285714626312256 0.7916666865348816 0.177471252428907
1.4285714626312256 0.8333333134651184 0.19060007345234858
1.4285714626312256 0.875 0.20519650047576288
1.4285714626312256 0.9166666865348816 0.22313826823017668
1.4285714626312256 0.9583333134651184 0.24820967100124378
1.4285714626312256 1.0 0.2758209138996732
1.4693877696990967 0.0 0.2937311425713384
1.4693877696990967 0.0416666679084301 0.2620044478715465
1.4693877696990967 0.0833333358168602 0.23317612282290992
1.4693877696990967 0.125 0.2125268582866979
1.4693877696990967 0.1666666716337204 0.19571015397319075
1.4693877696990967 0.2083333432674408 0.1805651432862121
1.4693877696990967 0.25 0.16988704079213368
1.4693877696990967 0.2916666865348816 0.16140633061635498
1.4693877696990967 0.3333333432674408 0.1541018140652119
1.4693877696990967 0.375 0.1493324772088787
1.4693877696990967 0.4166666865348816 0.1460027202237611
1.4693877696990967 0.4583333432674408 0.1438298262922459
1.4693877696990967 0.5 0.14321998754360304
1.4693877696990967 0.5416666269302368 0.14382987650916926
1.4693877696990967 0.5833333134651184 0.14600282579585183
1.4693877696990967 0.625 0.1493326299995175
1.4693877696990967 0.6666666269302368 0.15410201135674903
1.4693877696990967 0.7083333134651184 0.1614065738236628
1.4693877696990967 0.75 0.1698873204433006
1.4693877696990967 0.7916666865348816 0.1805654547403927
1.4693877696990967 0.8333333134651184 0.19571049516636346
1.4693877696990967 0.875 0.21252722021818485
1.4693877696990967 0.9166666865348816 0.23317649991241068
1.4693877696990967 0.9583333134651184 0.26200483517411977
1.4693877696990967 1.0 0.2937315327878182
1.5102040767669678 0.0 0.30463238552572264
1.5102040767669678 0.0416666679084301 0.27005126545495023
1.5102040767669678 0.0833333358168602 0.2386023817911992
1.5102040767669678 0.125 0.21605086616003177
1.5102040767669678 0.1666666716337204 0.197661886588032
1.5102040767669678 0.2083333432674408 0.1810762112390401
1.5102040767669678 0.25 0.16936378468883712
1.5102040767669678 0.2916666865348816 0.1600477904465876
1.5102040767669678 0.3333333432674408 0.15201201885329735
1.5102040767669678 0.375 0.14675836525851924
1.5102040767669678 0.4166666865348816 0.1430868708200305
1.5102040767669678 0.4583333432674408 0.14068923664732846
1.5102040767669678 0.5 0.14001606116919152
1.5102040767669678 0.5416666269302368 0.14068928028087896
1.5102040767669678 0.5833333134651184 0.14308696258019837
1.5102040767669678 0.625 0.1467584981183001
1.5102040767669678 0.6666666269302368 0.15201219050662662
1.5102040767669678 0.7083333134651184 0.16004800220701262
1.5102040767669678 0.75 0.16936402835454395
1.5102040767669678 0.7916666865348816 0.18107648280871325
1.5102040767669678 0.8333333134651184 0.19766218431007773
1.5102040767669678 0.875 0.21605118215705163
1.5102040767669678 0.9166666865348816 0.23860271116703174
1.5102040767669678 0.9583333134651184 0.2700516038558047
1.5102040767669678 1.0 0.3046327265031558
1.5510203838348389 0.0 0.3079178081747348
1.5510203838348389 0.0416666679084301 0.2718553855294835
1.5510203838348389 0.0833333358168602 0.23902107004544174
1.5510203838348389 0.125 0.2154405772520901
1.5510203838348389 0.1666666716337204 0.1961804717022614
1.5510203838348389 0.2083333432674408 0.17877539956115965
1.5510203838348389 0.25 0.16645946616110346
1.5510203838348389 0.2916666865348816 0.15664532209310167
1.5510203838348389 0.3333333432674408 0.14816463730927756
1.5510203838348389 0.375 0.142611423789306
1.5510203838348389 0.4166666865348816 0.13872608257637828
1.5510203838348389 0.4583333432674408 0.1361866593001305
1.5510203838348389 0.5 0.13547335531572083
1.5510203838348389 0.5416666269302368 0.13618669712691078
1.5510203838348389 0.5833333134651184 0.13872616214423358
1.5510203838348389 0.625 0.14261153903533932
1.5510203838348389 0.6666666269302368 0.1481647862716896
1.5510203838348389 0.7083333134651184 0.15664550596759932
1.5510203838348389 0.75 0.16645967785673407
1.5510203838348389 0.7916666865348816 0.1787756356303874
1.5510203838348389 0.8333333134651184 0.19618073065520178
1.5510203838348389 0.875 0.215440852221412
1.5510203838348389 0.9166666865348816 0.23902135675448263
1.5510203838348389 0.9583333134651184 0.2718556801650978
1.5510203838348389 1.0 0.3079181050744357
1.59183669090271 0.0 0.3032958691605516
1.59183669090271 0.0416666679084301 0.2671820249418906
1.59183669090271 0.0833333358168602 0.23424498705768382
1.59183669090271 0.125 0.21053950650365258
1.59183669090271 0.1666666716337204 0.19113181273921706
1.59183669090271 0.2083333432674408 0.17354651574287996
1.59183669090271 0.25 0.16106922332013532
1.59183669090271 0.2916666865348816 0.15110237624836448
1.59183669090271 0.3333333432674408 0.14246988941354083
1.59183669090271 0.375 0.13680615754553746
1.59183669090271 0.4166666865348816 0.13283781692652225
1.59183669090271 0.4583333432674408 0.1302414800410939
1.59183669090271 0.5 0.12951179609662156
1.59183669090271 0.5416666269302368 0.13024151271847315
1.59183669090271 0.5833333134651184 0.1328378856755796
1.59183669090271 0.625 0.1368062571481683
1.59183669090271 0.6666666269302368 0.14247001820013605
1.59183669090271 0.7083333134651184 0.15110253529021653
1.59183669090271 0.75 0.16106940650471213
1.59183669090271 0.7916666865348816 0.17354672010640754
1.59183669090271 0.8333333134651184 0.19113203701404288
1.59183669090271 0.875 0.21053974473160467
1.59183669090271 0.9166666865348816 0.23424523552269513
1.59183669090271 0.9583333134651184 0.2671822803237601
1.59183669090271 1.0 0.3032961265188435
1.6326531171798706 0.0 0.2887068669367712
1.6326531171798706 0.0416666679084301 0.25424058130609206
1.6326531171798706 0.0833333358168602 0.22271091245197047
1.6326531171798706 0.125 0.1999324690177522
1.6326531171798706 0.1666666716337204 0.18120915833299625
1.6326531171798706 0.2083333432674408 0.16416919775545183
1.6326531171798706 0.25 0.15202634545191265
1.6326531171798706 0.2916666865348816 0.1422902528860559
1.6326531171798706 0.3333333432674408 0.13382843189835547
1.6326531171798706 0.375 0.1282606801044117
1.6326531171798706 0.4166666865348816 0.12435157372800655
1.6326531171798706 0.4583333432674408 0.1217902755192559
1.6326531171798706 0.5 0.12106989624616056
1.6326531171798706 0.5416666269302368 0.12179030306522917
1.6326531171798706 0.5833333134651184 0.12435163169055599
1.6326531171798706 0.625 0.1282607640989417
1.6326531171798706 0.6666666269302368 0.13382854053567703
1.6326531171798706 0.7083333134651184 0.1422903870971042
1.6326531171798706 0.75 0.15202650009360813
1.6326531171798706 0.7916666865348816 0.1641693703399906
1.6326531171798706 0.8333333134651184 0.18120934780598383
1.6326531171798706 0.875 0.19993267033800752
1.6326531171798706 0.9166666865348816 0.22271112247128858
1.6326531171798706 0.9583333134651184 0.25424079720662635
1.6326531171798706 1.0 0.2887070845183435
1.6734694242477417 0.0 0.26783189590149886
1.6734694242477417 0.0416666679084301 0.2362760264270615
1.6734694242477417 0.0833333358168602 0.20727839699935918
1.6734694242477417 0.125 0.18621419609568832
1.6734694242477417 0.1666666716337204 0.16880303570213506
1.6734694242477417 0.2083333432674408 0.15286339464624799
1.6734694242477417 0.25 0.14144110155193632
1.6734694242477417 0.2916666865348816 0.13224020827637525
1.6734694242477417 0.3333333432674408 0.12421045356527606
1.6734694242477417 0.375 0.11890934807612526
1.6734694242477417 0.4166666865348816 0.11517879796223345
1.6734694242477417 0.4583333432674408 0.11273053972724388
1.6734694242477417 0.5 0.11204138240610526
1.6734694242477417 0.5416666269302368 0.11273056320643393
1.6734694242477417 0.5833333134651184 0.11517884737278573
1.6734694242477417 0.625 0.11890941968890338
1.6734694242477417 0.6666666269302368 0.12421054620671827
1.6734694242477417 0.7083333134651184 0.13224032275608313
1.6734694242477417 0.75 0.14144123349170065
1.6734694242477417 0.7916666865348816 0.15286354193168797
1.6734694242477417 0.8333333134651184 0.16880319744276884
1.6734694242477417 0.875 0.18621436798384203
1.6734694242477417 0.9166666865348816 0.20727857634255697
1.6734694242477417 0.9583333134651184 0.23627621081246553
1.6734694242477417 1.0 0.26783208172843675
1.7142857313156128 0.0 0.24028304818472793
1.7142857313156128 0.0416666679084301 0.21287142386075614
1.7142857313156128 0.0833333358168602 0.18748273989664319
1.7142857313156128 0.125 0.16886934036318935
1.7142857313156128 0.1666666716337204 0.1533456191628867
1.7142857313156128 0.2083333432674408 0.13900568419825307
1.7142857313156128 0.25 0.1286467208431659
1.7142857313156128 0.2916666865348816 0.12024905169234625
1.7142857313156128 0.3333333432674408 0.11288027996252034
1.7142857313156128 0.375 0.10799483963822602
1.7142857313156128 0.4166666865348816 0.10454688871998012
1.7142857313156128 0.4583333432674408 0.10227963787291423
1.7142857313156128 0.5 0.10164079523249848
1.7142857313156128 0.5416666269302368 0.10227965767466707
1.7142857313156128 0.5833333134651184 0.1045469303950811
1.7142857313156128 0.625 0.10799490004690986
1.7142857313156128 0.6666666269302368 0.11288035812189098
1.7142857313156128 0.7083333134651184 0.12024914829569358
1.7142857313156128 0.75 0.12864683220165563
1.7142857313156128 0.7916666865348816 0.13900580853267916
1.7142857313156128 0.8333333134651184 0.15334575572762862
1.7142857313156128 0.875 0.16886948551826825
1.7142857313156128 0.9166666865348816 0.18748289136539179
1.7142857313156128 0.9583333134651184 0.21287157960107178
1.7142857313156128 1.0 0.2402832051464592
1.7551020383834839 0.0 0.20712391514535863
1.7551020383834839 0.0416666679084301 0.184912571023395
1.7551020383834839 0.0833333358168602 0.16402701814351311
1.7551020383834839 0.125 0.1484576288979533
1.7551020383834839 0.1666666716337204 0.13527543584936183
1.7551020383834839 0.2083333432674408 0.12292629188567895
1.7551020383834839 0.25 0.11390028855834969
1.7551020383834839 0.2916666865348816 0.10651913927071593
1.7551020383834839 0.3333333432674408 0.09999631199924715
1.7551020383834839 0.375 0.09564873345539067
1.7551020383834839 0.4166666865348816 0.09256966803228664
1.7551020383834839 0.4583333432674408 0.09054025807378435
1.7551020383834839 0.5 0.08996776411378352
1.7551020383834839 0.5416666269302368 0.09054027452357047
1.7551020383834839 0.5833333134651184 0.09256970265500852
1.7551020383834839 0.625 0.0956487836461436
1.7551020383834839 0.6666666269302368 0.09999637694588588
1.7551020383834839 0.7083333134651184 0.10651921955586349
1.7551020383834839 0.75 0.113900381119928
1.7551020383834839 0.7916666865348816 0.12292639524822217
1.7551020383834839 0.8333333134651184 0.1352755493969115
1.7551020383834839 0.875 0.1484577496022343
1.7551020383834839 0.9166666865348816 0.16402714410948138
1.7551020383834839 0.9583333134651184 0.18491270055004927
1.7551020383834839 1.0 0.2071240456902874
1.795918345451355 0.0 0.16971844195764316
1.795918345451355 0.0416666679084301 0.1535339948582207
1.795918345451355 0.0833333358168602 0.13780084524727987
1.795918345451355 0.125 0.12567601729407668
1.795918345451355 0.1666666716337204 0.11513045327925102
1.795918345451355 0.2083333432674408 0.10502644324651786
1.795918345451355 0.25 0.09751424448419958
1.795918345451355 0.2916666865348816 0.09129851125407384
1.795918345451355 0.3333333432674408 0.08575611520700309
1.795918345451355 0.375 0.08203829613143386
1.795918345451355 0.4166666865348816 0.07939452446895144
1.795918345451355 0.4583333432674408 0.07764738572458381
1.795918345451355 0.5 0.07715387395584056
1.795918345451355 0.5416666269302368 0.07764739909093628
1.795918345451355 0.5833333134651184 0.07939455260318369
1.795918345451355 0.625 0.0820383369189978
1.795918345451355 0.6666666269302368 0.08575616799068306
1.795918345451355 0.7083333134651184 0.09129857651141317
1.795918345451355 0.75 0.0975143197285287
1.795918345451355 0.7916666865348816 0.10502652728052618
1.795918345451355 0.8333333134651184 0.11513054560456971
1.795918345451355 0.875 0.12567611544731505
1.795918345451355 0.9166666865348816 0.13780094768629012
1.795918345451355 0.9583333134651184 0.1535341001980187
1.795918345451355 1.0 0.1697185481270794
1.836734652519226 0.0 0.12972441164479412
1.836734652519226 0.0416666679084301 0.12011046899187304
1.836734652519226 0.0833333358168602 0.10985547031576222
1.836734652519226 0.125 0.10132352998295303
1.836734652519226 0.1666666716337204 0.09351174011784302
1.836734652519226 0.2083333432674408 0.08574751442079992
1.836734652519226 0.25 0.07983210520962611
1.836734652519226 0.2916666865348816 0.07486252510140641
1.836734652519226 0.3333333432674408 0.0703830956964556
1.836734652519226 0.375 0.0673562390216939
1.836734652519226 0.4166666865348816 0.06519416740408955
1.836734652519226 0.4583333432674408 0.06376128035057026
1.836734652519226 0.5 0.06335597279069431
1.836734652519226 0.5416666269302368 0.06376129085055049
1.836734652519226 0.5833333134651184 0.06519418950582843
1.836734652519226 0.625 0.06735627106532105
1.836734652519226 0.6666666269302368 0.07038313716727364
1.836734652519226 0.7083333134651184 0.07486257637697279
1.836734652519226 0.75 0.07983216433737331
1.836734652519226 0.7916666865348816 0.08574758046110913
1.836734652519226 0.8333333134651184 0.0935118126804699
1.836734652519226 0.875 0.10132360713116106
1.836734652519226 0.9166666865348816 0.10985555083675112
1.836734652519226 0.9583333134651184 0.12011055179600623
1.836734652519226 1.0 0.12972449510196324
1.8775510787963867 0.0 0.08412005520445204
1.8775510787963867 0.0416666679084301 0.08209887275940846
1.8775510787963867 0.0833333358168602 0.07782645634841921
1.8775510787963867 0.125 0.07309776394923573
1.8775510787963867 0.1666666716337204 0.0681860876148189
1.8775510787963867 0.2083333432674408 0.06295734511670904
1.8775510787963867 0.25 0.0588195601544137
1.8775510787963867 0.2916666865348816 0.05527026613654482
1.8775510787963867 0.3333333432674408 0.05202728686885872
1.8775510787963867 0.375 0.049816881448975295
1.8775510787963867 0.4166666865348816 0.04822996102750658
1.8775510787963867 0.4583333432674408 0.04717492507539902
1.8775510787963867 0.5 0.04687604500714373
1.8775510787963867 0.5416666269302368 0.04717493255151099
1.8775510787963867 0.5833333134651184 0.048229976764666324
1.8775510787963867 0.625 0.049816904266025905
1.8775510787963867 0.6666666269302368 0.0520273164002256
1.8775510787963867 0.7083333134651184 0.055270302652427
1.8775510787963867 0.75 0.05881960226503883
1.8775510787963867 0.7916666865348816 0.06295739215358578
1.8775510787963867 0.8333333134651184 0.06818613930079948
1.8775510787963867 0.875 0.0730978189044267
1.8775510787963867 0.9166666865348816 0.07782651370852031
1.8775510787963867 0.9583333134651184 0.08209893174764366
1.8775510787963867 1.0 0.08412011465840077
1.9183673858642578 0.0 0.04580551816596401
1.9183673858642578 0.0416666679084301 0.050104092946632726
1.9183673858642578 0.0833333358168602 0.050165744081825246
1.9183673858642578 0.125 0.048124284047362215
1.9183673858642578 0.1666666716337204 0.04536704716732162
1.9183673858642578 0.2083333432674408 0.04214667534113764
1.9183673858642578 0.25 0.039492774556824664
1.9183673858642578 0.2916666865348816 0.03717185512207317
1.9183673858642578 0.3333333432674408 0.03502651438961337
1.9183673858642578 0.375 0.03355402052307404
1.9183673858642578 0.4166666865348816 0.032492695104582345
1.9183673858642578 0.4583333432674408 0.03178540040268006
1.9183673858642578 0.5 0.03158480446457676
1.9183673858642578 0.5416666269302368 0.03178540532090428
1.9183673858642578 0.5833333134651184 0.03249270545758276
1.9183673858642578 0.625 0.03355403553408192
1.9183673858642578 0.6666666269302368 0.0350265338184769
1.9183673858642578 0.7083333134651184 0.03717187914707297
1.9183673858642578 0.75 0.039492802263871085
1.9183673858642578 0.7916666865348816 0.04214670629066135
1.9183673858642578 0.8333333134651184 0.04536708117727195
1.9183673858642578 0.875 0.04812432020961355
1.9183673858642578 0.9166666865348816 0.05016578182749356
1.9183673858642578 0.9583333134651184 0.050104131764347457
1.9183673858642578 1.0 0.045805557290338715
1.959183692932129 0.0 0.013477726608014202
1.959183692932129 0.0416666679084301 0.02223008091154609
1.959183692932129 0.0833333358168602 0.02425036700680869
1.959183692932129 0.125 0.023774141525052802
1.959183692932129 0.1666666716337204 0.022614361446204406
1.959183692932129 0.2083333432674408 0.02110876963969356
1.959183692932129 0.25 0.019822085094428746
1.959183692932129 0.2916666865348816 0.018679412454520213
1.959183692932129 0.3333333432674408 0.017614053324176957
1.959183692932129 0.375 0.01687918681981153
1.959183692932129 0.4166666865348816 0.01634807161251941
1.959183692932129 0.4583333432674408 0.015993544974082802
1.959183692932129 0.5 0.015892920701772933
1.959183692932129 0.5416666269302368 0.01599354741358266
1.959183692932129 0.5833333134651184 0.01634807674778522
1.959183692932129 0.625 0.016879194265632284
1.959183692932129 0.6666666269302368 0.017614062961532662
1.959183692932129 0.7083333134651184 0.018679424371991313
1.959183692932129 0.75 0.019822098838668006
1.959183692932129 0.7916666865348816 0.02110878499272717
1.959183692932129 0.8333333134651184 0.02261437831781114
1.959183692932129 0.875 0.02377415946469096
1.959183692932129 0.9166666865348816 0.024250385732220076
1.959183692932129 0.9583333134651184 0.022230100168981255
1.959183692932129 1.0 0.013477746017638223
2.0 0.0 0.0
2.0 0.0416666679084301 0.0
2.0 0.0833333358168602 0.0
2.0 0.125 0.0
2.0 0.1666666716337204 0.0
2.0 0.2083333432674408 0.0
2.0 0.25 0.0
2.0 0.2916666865348816 0.0
2.0 0.3333333432674408 0.0
2.0 0.375 0.0
2.0 0.4166666865348816 0.0
2.0 0.4583333432674408 0.0
2.0 0.5 0.0
2.0 0.5416666269302368 0.0
2.0 0.5833333134651184 0.0
2.0 0.625 0.0
2.0 0.6666666269302368 0.0
2.0 0.7083333134651184 0.0
2.0 0.75 0.0
2.0 0.7916666865348816 0.0
2.0 0.8333333134651184 0.0
2.0 0.875 0.0
2.0 0.9166666865348816 0.0
2.0 0.9583333134651184 0.0
2.0 1.0 0.0
