idx cobyla_1 cobyla_2 cobyla_3 cobyla_mean
0 105.83208438755749 203.92331956747068 159.8387780563983 156.53139400380883
1 11.6837039989877 171.2827133040944 64.60927018454112 82.52522916254107
2 19.420349158536773 140.22227900983083 1.317628305573646 53.653418824647076
3 8.585141156194044 151.74095811241386 1.6731108272132493 53.99973669860705
4 8.48551830793273 20.64984139597985 1.7092003270358977 10.281520010316159
5 15.576684523883277 0.9622525970039495 7.366292006772111 7.96840970921978
6 18.24791506148309 0.9856760952440035 8.802581801019192 9.34539098591543
7 24.425565925674288 1.922912783223845 13.581197980113025 13.309892229670387
8 20.632412651017887 1.1531594585171887 3.3730490233811503 8.386207044305408
9 3.772807782043289 7.642258098433702 6.577058606634881 5.997374829037291
10 1.5482154551629677 3.400942275245773 59.20794220151654 21.385699977308423
11 3.320231171150337 1.4879915659690335 3.1450821972284224 2.6511016447825977
12 2.1614968811854074 91.05213167071973 13.80927581367504 35.674301455193394
13 73.18738542069251 4.300109789322933 8.897517063564756 28.7950040911934
14 8.740183950713666 42.01440638738481 15.039773217550618 21.931454518549696
15 12.37403200295343 30.138682728473434 16.528094210195423 19.680269647207428
16 2.3435850596079524 42.38714930053195 26.434053656526416 23.72159600555544
17 3.3533733257382945 2.8107469753502667 3.7684151055031387 3.310845135530567
18 4.18746130532936 8.20327028267983 4.215686981353507 5.5354728564542315
19 1.6436528651617126 75.8451853321307 40.7179117471334 39.40224998147527
29 21.292332007717395 15.010919559818143 10.579608089889236 15.627619885808258
39 1.8751439402924897 92.50425480056795 2.4699080643464786 32.28310226840231
49 0.94769587522482 0.8549777139450649 2.480361556578586 1.427678381916157
59 0.8788774203542489 1.8151945800224825 1.5918659200399659 1.4286459734722323
69 1.126775314301715 2.037663551757364 1.4047166400678959 1.5230518353756584
79 4.171331836052047 1.3354361343935404 0.9427801961494464 2.149849388865011
89 3.6141882949403277 0.7220730659633322 0.7943661864783809 1.7102091824606802
99 5.167299758419762 1.844540758243439 1.2467762234140107 2.752872246692404
109 2.2012283620891786 0.7164671670722218 0.7843574955868813 1.2340176749160938
119 0.8703027533212948 0.8539882025505089 0.8263177713134099 0.8502029090617379
129 1.4044111460714956 0.9667183579446024 0.8147544692073208 1.0619613244078063
139 1.2038354025817013 1.856321473978098 0.9737113484833508 1.3446227416810501
149 1.378442985599118 2.6747363270279347 0.9698695324726847 1.674349615033246
159 7.0329529976383265 1.711706475243475 0.9668023328614763 3.2371539352477594
169 2.1358522136355615 1.9671959850798073 1.7102805621662973 1.937776253627222
179 3.7884674000942224 1.9947739410558925 0.8773832076497031 2.2202081829332725
189 6.464963434007736 2.5295657579952584 1.6144111714414686 3.5363134544814883
199 5.118811561973327 0.8298021454546066 1.3469066404375574 2.4318401159551635
209 0.9846577498616034 0.7500315834247605 0.8505530478896296 0.8617474603919978
219 64.69346775336963 54.98759362207289 41.92698348840508 53.8693482879492
229 0.7454519471482407 0.7719659585699269 3.3189861093817625 1.6121346716999767
239 1.3981299456444511 0.7985208769256177 1.5486341077106371 1.2484283100935687
249 2.077754009757039 2.5332927273654855 0.8536841499137684 1.821576962345431
259 0.9808058974560715 0.7404657327808573 2.4299650643310997 1.3837455648560095
269 2.048980024514143 0.6805764469283827 0.7773727637072 1.168976411716575
279 0.759082721359254 0.6792600882672274 0.8008457258166104 0.7463961784810307
289 1.7826092965422133 0.6744911494672948 0.7838477323523685 1.080316059453959
299 0.7503796553200444 1.4626994640256537 4.266709326377012 2.1599294819075703
309 0.7629117766534282 0.7572325579641296 1.3779789631314192 0.966041099249659
319 1.7132995507236237 0.7966555907270857 0.8057051906571352 1.105220110702615
329 1.0059336651401407 0.6962738989810067 2.264138850906756 1.3221154716759678
339 0.7620185966700789 0.6722567912542252 0.9723659054180586 0.8022137644474543
349 0.7150342318947195 0.8843423538923088 0.8015487399758414 0.8003084419209565
359 3.9263198047073087 1.0719233565818775 0.7798882073695858 1.926043789552924
369 0.8336704462341865 7.298729854698139 0.7994729496856033 2.9772910835393094
379 0.9826475746226168 2.1374277799375916 0.8007058030844906 1.306927052548233
389 0.852183139674082 0.930633340090645 0.7967083247365657 0.859841601500431
399 0.7425506244519969 0.6713136432615018 4.795065102752175 2.0696431234885577
409 0.7773616628194266 0.89575848214584 0.8475793997083464 0.840233181557871
419 0.664296718085452 0.7342666407452721 1.7227736424400415 1.040445667090255
429 0.679845761732621 1.290871706374315 0.9396417844703778 0.9701197508591046
439 0.7096489629527761 0.7038953722261968 1.131446616924294 0.8483303173677555
449 1.0089544077580066 0.6753898599993926 10.10294731227097 3.92909719334279
459 31.516956208083474 0.7020262908633895 2.5068592235026936 11.575280574149852
469 0.8359633795841821 1.0821768119713806 6.260872075703448 2.7263374224196704
479 1.5752167549805312 15.822942657988854 4.563678380292382 7.320612597753922
489 1.8258351410584956 1.0627355578146347 4.356589919610618 2.415053539494583
499 0.8438154194008936 1.1213924809544866 3.058733418861344 1.6746471064055746
509 2.036955883911944 1.9070854330972844 0.7888175985381695 1.577619638515799
519 0.7582934654213467 1.6489048838801277 1.4604361286853047 1.2892114926622595
529 0.7361461135218248 0.7491520742687561 0.7167445995255572 0.7340142624387127
539 1.2628325690255546 0.6741389072451659 0.7019833979712556 0.8796516247473254
549 0.7351383598349398 0.8903521122653126 0.7006538300546804 0.7753814340516443
559 0.6968372729090817 1.0682928878432687 0.6745777013417025 0.813235954031351
569 7.693919218659857 8.76860372563922 0.6670332833717157 5.7098520758902644
579 4.003582118492618 10.89720802388214 0.6672163881036302 5.189335510159463
589 5.825006622179743 4.7282814883293245 0.6694858842069968 3.7409246649053554
599 0.936148064493783 0.6769637779348557 0.6773958010472507 0.7635025478252965
609 0.7409928648512079 0.6740942199465831 0.6672770713610707 0.6941213853862873
619 0.939200295516824 0.7156511360876509 0.6710270878289114 0.7752928398111288
629 1.1624456951629862 0.6663974228575857 0.7214979675937323 0.8501136952047682
639 0.7633676738440781 0.7585308583748391 0.6668581490574107 0.7295855604254426
649 25.053794877449146 0.6924608318324579 0.6989123247337794 8.815056011338461
659 0.6683340396086949 0.6934977640166301 0.6679953901263022 0.6766090645838757
669 0.6629143787424409 0.6723178645335882 0.6670722591313427 0.6674348341357906
679 0.6622922775988576 0.6631730788337837 0.6750461074338332 0.6668371546221582
689 0.6699933683660755 0.6685173634962317 0.6668628683650707 0.6684578667424592
699 0.6640115651831641 0.6976664046306241 1.5623984633790393 0.9746921443976092
709 0.6655275730932597 0.6681927776390265 0.9248536027488755 0.7528579844937205
719 0.8585520363909676 0.7163477657574596 0.6739372718569173 0.7496123580017815
729 0.6691177714236872 0.6639662064955841 0.6666042842634212 0.6665627540608975
739 0.6620980350643637 0.6914680010251969 0.7574446478857746 0.7036702279917785
749 0.6635554278047949 0.6670345834982073 0.8041048994813442 0.7115649702614487
759 0.6628453247850827 0.7176079322167779 0.66268331022115 0.6810455224076701
769 0.6695595144568272 0.66766886781193 0.6636725069477545 0.6669669630721705
779 2.2960144958650495 0.6669142214075089 0.6649096743323663 1.2092794638683082
789 0.6817458998781821 0.6632202693563195 0.6691543001400879 0.6713734897915299
799 0.6923889231959576 0.6635254257439933 0.6790364960404415 0.6783169483267976
809 0.6629593352294884 0.662595402872998 0.7209908584087787 0.6821818655037551
819 0.6659376241002544 0.841607887855803 0.6639487215865999 0.7238314111808858
829 0.7079113282636226 0.9491926754281679 0.8528334866294389 0.8366458301070764
839 0.6621544116074826 0.7375660851493286 0.757311554517618 0.719010683758143
849 0.7139897387413626 0.6708064366969018 0.7127414847314757 0.6991792200565801
859 0.6624576337089028 0.7645665951213375 0.6949470367969515 0.7073237552090639
869 0.740229101511953 0.8048415254230394 0.7796563926248439 0.7749090065199454
879 0.6677690170563004 0.7929213344070114 2.8204565951142513 1.427048982192521
889 0.792094181998263 0.7057014908645447 1.3740481769319528 0.9572812832649201
899 0.8655507358747463 0.683101785055494 3.5799059412117487 1.709519487380663
909 1.0761478274385743 0.6737634063547472 0.6884808818652758 0.812797371886199
919 0.6758476911763098 0.7355968235021719 0.7504295184838226 0.720624677720768
929 1.761575929826872 0.664844145992787 0.6923950249030375 1.0396050335742322
939 0.6973268166320674 0.7177072767655395 0.6602391555440673 0.6917577496472247
949 1.1270468447103297 0.6860925863896881 0.6639010357188706 0.825680155606296
959 0.767469825624425 0.6636220277779445 0.6703454366428376 0.7004790966817357
969 0.6690459555410988 0.6635280784031666 0.8971021396454609 0.7432253911965754
979 0.6630423908649522 1.157080324966539 0.6610597619022961 0.8270608259112624
989 0.6625880402649761 0.6647816365484571 0.6756248515202927 0.6676648427779087
999 0.7286449746025643 0.6619613358540164 3.2182921619231175 1.5362994907932326
1009 0.6825686911343549 0.757250261853015 3.6015606233274307 1.6804598587716002
1019 0.9465717318844875 0.9003558741918808 3.821739876158068 1.8895558274114788
1029 0.6769636142274993 0.7666999589538978 0.6601168036828777 0.7012601256214248
1039 0.6618643543531655 0.6959103415913815 0.6597087884128798 0.6724944947858088
1049 0.6622060474732643 0.6741456332620419 0.6599111358009954 0.6654209388454339
1059 0.6619349194250363 0.6618905931821987 0.6594674987841872 0.6610976704638074
1069 0.6616625367264302 1.8416407201425404 0.6595278562112528 1.0542770376934076
1079 0.6614664151054317 4.715469497786234 0.6593200587300329 2.0120853238738996
1089 0.6612656174600036 0.6620251380276876 0.6596269960733465 0.6609725838536792
1099 0.6614932360545885 0.6617766078048075 0.6594876422535978 0.6609191620376645
1109 0.6663711074080206 0.6617303638865205 0.6601929361026793 0.6627648024657401
1119 0.6627625039892628 0.6623449064627208 0.6598278202680631 0.6616450769066823
1129 0.6625400099781701 0.6617642904327624 0.6601698789075897 0.6614913931061741
1139 0.6626371565115335 0.6616792448482957 0.6593003090724177 0.6612055701440823
1149 0.6613177163232312 0.6615834845258999 0.6594266809888892 0.6607759606126734
1159 0.6612511890617889 0.6618125761761232 0.6603269694487138 0.661130244895542
1169 0.6618770389056194 0.6616852889894753 0.6599850918318177 0.6611824732423042
1179 0.6613713257665391 0.6616446364382566 0.6665697999064272 0.6631952540370744
1189 0.66180282647959 0.66153615951686 0.6616580054694831 0.6616656638219777
1199 0.6610793562871619 0.66167136598173 0.6609685605526106 0.6612397609405009
1209 0.6615325287693701 0.6614824584762544 0.6591574225559472 0.6607241366005239
1219 0.6616966690907492 0.663629545411335 0.6671224065784928 0.6641495403601922
1229 0.6620104316192155 0.6616422959577541 0.6600059717925622 0.6612195664565106
1239 0.6609378988089191 0.6627418720498072 0.6591776250590153 0.6609524653059139
1249 0.6701626316527028 0.6614884021144924 0.6617609018651843 0.6644706452107932
1259 0.6607636355547459 0.6661495488507375 0.6590314655391805 0.6619815499815547
1269 0.660788473575614 0.6619776084762931 0.6617392838857177 0.6615017886458749
1279 0.6773261362870955 0.662144641524915 0.6635066248488591 0.6676591342202899
1289 0.6608615862829926 0.6617669561582594 0.6646990480249155 0.6624425301553892
1299 0.6610859745699617 0.6620476413805689 0.6613107331539846 0.661481449701505
1309 0.6608304454535364 0.6615669649087014 0.6623459455034303 0.6615811186218893
1319 0.6701263499254372 0.66145449737794 0.6611517441202771 0.6642441971412181
1329 0.6614358840734397 0.6619441236734229 0.659181008128337 0.6608536719583998
1339 0.6607928717811316 0.6654184065870583 0.6591336805744357 0.6617816529808752
1349 0.6605813804119327 0.6616384513304686 0.870066457825602 0.7307620965226677
1359 0.6605359463881025 0.6614135056993854 0.65985850526048 0.6606026524493226
1369 0.6604207419782508 0.6618164061351384 0.6594587364596393 0.6605652948576761
1379 0.661247903721285 0.6618236278316801 0.6612889001539904 0.6614534772356518
1389 0.6603227824821154 0.6614251850851586 0.6595607337606307 0.6604362337759683
1399 0.6609557578978174 0.6617053119600439 0.9336711393328156 0.7521107363968923
1409 0.6602458475563809 0.6614067702440876 0.6789631789849747 0.6668719322618144
1419 0.6607618977003403 0.6967544287649126 0.6601465278411349 0.672554284768796
1429 0.6601326195272027 0.7066999614638205 0.6589956484946194 0.6752760764952143
1439 0.6600017860949255 0.677060816589858 0.676505544308943 0.6711893823312421
1449 0.6599287312904931 0.6611818459337613 0.6621348703343725 0.6610818158528756
1459 0.6599550362653567 0.6617670668028413 0.66449496673981 0.6620723566026693
1469 0.6683885692144377 0.6671431043072611 0.6615623856031654 0.6656980197082881
1479 0.6795213103813929 0.662873003281835 0.6615066503706182 0.6679669880112821
1489 0.659993894917057 0.6611017635555536 0.6950498802510351 0.6720485129078818
1499 0.6604704644538433 0.6612602007951298 0.659138326400426 0.660289663883133
1509 0.6596904933416211 0.6994315323402087 0.6595913459959608 0.6729044572259303
1519 0.6597044247889798 0.6615922248362538 0.6604402274385084 0.6605789590212473
1529 0.6595362964113944 0.662057245848677 0.6586127309432912 0.6600687577344543
1539 0.6596207366054525 0.6614056558030095 0.6601458766902443 0.6603907563662355
1549 0.6600316807720523 0.6610594756509559 0.6589725525246676 0.660021236315892
1559 0.6601241801014319 0.6614838748354925 0.8729146486207735 0.731507567852566
1569 0.6592784690570914 0.662513471551042 0.6885523277794503 0.6701147561291946
1579 0.6591915263211886 0.6613817332660543 0.6614653600869064 0.6606795398913831
1589 0.6591572513575207 0.6610421307226814 0.6591735337289817 0.6597909719363946
1599 0.658937902340952 0.6612111787280682 0.6587337173338732 0.6596275994676312
1609 0.6590329619840198 0.661037759794144 0.6803731926330321 0.6668146381370653
1619 0.6589948427204518 0.6612609337790268 0.6597893974908108 0.6600150579967631
1629 0.6590828242857635 0.6612863398312755 0.658694951521751 0.6596880385462632
1639 0.6590838733395007 0.6947388424080767 0.659116784780143 0.6709798335092402
1649 0.6588495492243337 0.6667822919864062 0.6601463017777525 0.6619260476628307
1659 0.6587920259303035 0.673849590839913 0.6593811172127778 0.6640075779943314
1669 0.6589341390943405 0.6659313612632594 0.664837154377509 0.6632342182450363
1679 0.6586663889392226 0.661317586117669 0.6587321703445241 0.6595720484671386
1689 0.6586762553988206 0.6624782057572027 0.6630436867269079 0.6613993826276438
1699 0.7015876996910464 0.8165163451983466 0.6592525671743458 0.7257855373545796
1709 0.7191636312530623 0.666812227963877 0.6584958609298415 0.6814905733822602
1719 0.6604982524031365 0.661156943598968 0.6610748190836983 0.660910005028601
1729 0.6585693490574267 0.6608223496335963 0.6700230662321436 0.6631382549743888
1739 0.6585993409759274 0.6608379703399253 0.658810255857852 0.6594158557245683
1749 0.6600435784726102 0.6616798014340872 0.6587688754670249 0.6601640851245741
1759 0.659120163243816 0.6620228729709586 0.6588268077675724 0.6599899479941156
1769 0.6582627995704539 0.6610445149898602 0.6591823521342679 0.6594965555648606
1779 0.6595177448828967 0.67970991122336 0.8239483268299983 0.7210586609787516
1789 0.658138862754436 0.6609606998595501 0.6660600760646979 0.6617198795595614
1799 0.6581326349030584 0.6638441895244656 0.7091708068501418 0.6770492104258885
1809 0.6583361318432525 0.6618070445810053 0.6590860043719684 0.6597430602654087
1819 0.6584848019419518 0.6608410815868869 0.6716986591993381 0.6636748475760589
1829 0.6578187361834236 0.6611756806262412 0.6655757337633016 0.661523383524322
1839 0.6575907785954893 0.6610846629124327 0.6594677593727359 0.6593810669602194
1849 0.6577427375188737 0.6607862527194944 0.6586759934746971 0.6590683279043551
1859 0.6575610704237913 0.8084828882670387 0.6584488520548639 0.7081642702485645
1869 0.6573813293059982 0.6751507089914417 0.658627249043109 0.6637197624468496
1879 0.6574691744600599 0.6607857009268665 0.6598346948086099 0.6593631900651787
1889 0.6572858824407196 0.6633006784421195 0.67072413953991 0.6637702334742497
1899 0.6574823991907023 0.6607690505259171 0.661167894243732 0.6598064479867838
1909 0.6574768778411278 0.6640606041737518 0.6660672412758545 0.662534907763578
1919 0.6578405978382068 0.7470264072524443 0.6684161737969022 0.6910943929625177
1929 0.6602474292902777 0.6832794816194065 0.6588429704441598 0.667456627117948
1939 0.6572454175537817 0.6610600770210346 0.6641104290081232 0.6608053078609798
1949 0.6575522784177051 0.6609819360390028 0.7047136225977052 0.6744159456848045
1959 0.7539744736629832 0.6608279998995248 0.667758584848073 0.6941870194701937
1969 0.6591207779270429 0.6607081362562265 0.6587848762194406 0.6595379301342367
1979 0.6570760995571027 0.6715534901035345 0.6581924254798788 0.6622740050468386
1989 0.6583473152523359 0.6615729030060359 0.6613476210821988 0.6604226131135236
1999 0.6571593914339173 0.6605620733396862 0.6603666214786551 0.6593626954174195
2009 0.6570148724148313 0.6640414475263632 0.6625011395827407 0.6611858198413118
2019 0.6568842174689784 0.6607875215975452 0.6670093846406412 0.6615603745690549
2029 0.6568497849653363 0.6611094573572045 0.9390493595306914 0.752336200617744
2039 0.6569304630734978 0.6606350334466694 0.685879415746957 0.6678149707557081
2049 0.6569679970966923 0.6603798891860329 0.6581002131826823 0.6584826998218025
2059 0.6568121318604282 0.6603415618872133 0.6580894859070381 0.6584143932182265
2069 0.6565557738921314 0.6746079484568921 0.6580920289455271 0.6630852504315169
2079 0.6565930434392474 0.6930462148563521 0.6580867707243148 0.6692420096733048
2089 0.6563815969116229 0.6623769007477964 0.6580941385597897 0.6589508787397363
2099 0.6563836905412501 0.6645570871171685 0.6581062940343396 0.6596823572309195
2109 0.6564857381148028 0.714811372943687 0.658102836723434 0.6764666492606413
2119 0.6566542949595967 0.6643122741320621 0.6580655335960769 0.6596773675625786
2129 0.6562844364071826 0.6603022881775824 0.6580386938734735 0.6582084728194129
2139 0.6569768818108892 0.6608132723873621 0.6581064517242896 0.6586322019741803
2149 0.6565794653122956 0.6791575965832823 0.6580283911362714 0.6645884843439498
2159 0.6562057271299854 0.6643079726036024 0.6580256404810584 0.6595131134048821
2169 0.6561612453035983 0.6604097429943117 0.6580754727504945 0.6582154870161349
2179 0.6562001231010007 0.6602515800551656 0.6580444377743493 0.6581653803101719
2189 0.6578393547875144 0.6660162434830946 0.6580114703058457 0.6606223561921516
2199 0.6569435473846637 0.660237125097325 0.6587817009695062 0.6586541244838316
2209 0.6562476478516563 0.6601453738183002 0.6580069754962911 0.6581333323887493
2219 0.65629839421684 0.6623586096068592 0.657986692823237 0.6588812322156453
2229 0.6561150686386359 0.6616663408150707 0.6579888711628016 0.658590093538836
2239 0.656137663084228 0.6604500152262665 0.6579802893136915 0.6581893225413954
2249 0.6560566693147128 0.6603639382854378 0.6579751644095746 0.6581319240032417
2259 0.657990514373685 0.6604232575072368 0.658065155424672 0.6588263091018646
2269 0.6558734240672086 0.660084709132703 0.657954472257515 0.6579708684858089
2279 0.6568895045943597 0.6603053451854738 0.6579556918819565 0.6583835138872632
2289 0.6558856079051133 0.6737040504553837 0.6579616274532357 0.6625170952712444
2299 0.6557305141706475 0.6704278570683581 0.6579517995121132 0.6613700569170397
2309 0.6556052501420027 0.6627527562810038 0.6579735875265404 0.6587771979831823
2319 0.6558416345214767 0.6967913126584587 0.6579511830246443 0.6701947100681932
2329 0.6563780424044262 0.6880282007115707 0.657918785868101 0.6674416763280325
2339 0.6564015575125713 0.6686182088443159 0.6579079563314949 0.660975907562794
2349 0.6646779055014639 0.6603997755140995 0.6579581204217819 0.6610119338124484
2359 0.6553800724694346 0.6619317749581723 0.6578757094513514 0.6583958522929861
2369 0.6570166392261306 0.6844849839313939 0.6579180208608697 0.6664732146727981
2379 0.6564130754299451 0.6601656124546809 0.6579154945892468 0.658164727491291
2389 0.655337965520107 0.6653981339754979 0.6586536168706231 0.659796572122076
2399 0.6550627823442097 0.6612229767316271 0.658004589922056 0.6580967829992975
2409 0.6551298409671956 0.661197297823194 0.6578419775248825 0.6580563721050907
2419 0.6549661314890028 0.660390159284662 0.6579013516970967 0.6577525474902539
2429 0.6581913236668502 0.6602668923605155 0.6578249403649274 0.6587610521307644
2439 0.6558271963124508 0.6602855735145283 0.6577763350495679 0.6579630349588489
2449 0.654721723948388 0.6599937773548203 0.6578271122055303 0.6575142045029129
2459 0.6549251434183122 0.6600797368836485 0.6577699332199619 0.6575916045073075
2469 0.6550630803652753 0.6598927978808521 0.6577323523281697 0.6575627435247656
2479 0.6539665624767662 0.6613821485607309 0.6577315955306847 0.6576934355227273
2489 0.654114398397371 0.7094486918268113 0.6577436626004928 0.673768917608225
2499 0.6541020965774114 0.6729703308692122 0.6577283689138045 0.661600265453476
2509 0.6540907043981191 0.6944390913002148 0.6577403047749478 0.6687567001577607
2519 0.6538186253508677 0.6605797616381335 0.6577273649983566 0.6573752506624525
2529 0.65380473825203 0.6978392049132423 0.6576908959499812 0.6697782797050845
2539 0.6540279978052436 0.8658092371605959 0.6576905687917824 0.7258426012525406
2549 0.6535074685771287 0.6613590054690373 0.6576850575938595 0.6575171772133418
2559 0.6536531890248914 0.6604101971437041 0.6576987252363851 0.6572540371349935
2569 0.6532881263039373 0.659967762286081 0.6576794018503812 0.6569784301467999
2579 0.6534886985276179 0.6657874718027518 0.6577170075426096 0.6589977259576597
2589 0.655413815153555 0.681058353227393 0.6576650890170846 0.6647124191326775
2599 0.6529605380009025 0.6614800862324945 0.6576747914967574 0.6573718052433848
2609 0.6532680785242695 0.6632473516885026 0.657646537010118 0.6580539890742966
2619 0.6540725694478827 0.6598016234574496 0.6576828140837468 0.6571856689963598
2629 0.6528482422706713 0.6600227229819481 0.6577295371856013 0.6568668341460736
2639 0.6529554447837771 0.6594596447800277 0.6576441863318494 0.6566864252985515
2649 0.6527435692338455 0.6594223290642891 0.6576196870566388 0.6565951951182578
2659 0.6534825504053774 0.6595469692826541 0.6575679796384795 0.656865833108837
2669 0.6525148363183678 0.6597424502485986 0.6575557225014893 0.6566043363561519
2679 0.6526843146039513 0.6593595068120419 0.6575836592038061 0.656542493539933
2689 0.6525501007840777 0.6597644509182677 0.6575471124597754 0.6566205547207069
2699 0.652348244095884 0.9232871817943059 0.6575400976487249 0.7443918411796382
2709 0.6520741251113868 0.6663032690923479 0.6575468416990143 0.6586414119675831
2719 0.6522105001764643 0.6697242994770707 0.657523669595395 0.6598194897496433
2729 0.6519911820560415 0.6968339986780591 0.6575858097900728 0.6688036635080578
2739 0.6518259545452796 0.6628313252288527 0.6574962167190207 0.657384498831051
2749 0.6517122327817018 0.6700619637754379 0.6575446702468765 0.6597729556013388
2759 0.6516659886668685 0.6596439515054193 0.6574984271072722 0.6562694557598534
2769 0.6518969611719398 0.6639764147130027 0.6574789173506393 0.657784097745194
2779 0.6516776521353058 0.6613283185095752 0.6574452924520747 0.6568170876989852
2789 0.6516493922001847 0.6662557440315163 0.657445228921985 0.6584501217178954
2799 0.6546785963873745 0.6746819249417089 0.6574489930504832 0.6622698381265222
2809 0.6512548328108065 0.6626117281017466 0.6574446499822757 0.657103736964943
2819 0.6516775324545161 0.6601224307170477 0.6574099114952735 0.6564032915556125
2829 0.6514508405505212 0.6928653747249192 0.6574182293216504 0.6672448148656969
2839 0.6513248729080016 0.6670042124753601 0.6574665677587509 0.6585985510473709
2849 0.6511243558192862 0.68090332133447 0.657421273835245 0.6631496503296671
2859 0.6508490693247945 0.6849309835677226 0.6574163489371311 0.6643988006098828
2869 0.6510518664516523 0.6597723991593807 0.6573808629860891 0.6560683761990407
2879 0.6505812354923757 0.6594440433500233 0.6573634387548626 0.6557962391990871
2889 0.6508068146561791 0.659155349717415 0.6573519773799756 0.6557713805845232
2899 0.6503236437550118 0.6590074886252061 0.6573319795560674 0.6555543706454284
2909 0.650352132649533 0.6590048743589699 0.6572721227949123 0.6555430432678051
2919 0.6506099034568792 0.6593908183687536 0.6573029022331112 0.655767874686248
2929 0.6500186885621385 0.6590106852184389 0.6572661878287994 0.6554318538697923
2939 0.6508345074923995 0.6588169127772875 0.6572813588010697 0.6556442596902522
2949 0.650400014832634 0.7255036753540003 0.6573121721503917 0.6777386207790087
2959 0.6500655786879359 0.6604620364387199 0.6572298465825633 0.655919153903073
2969 0.6497351414063001 0.6589861675125174 0.6572524316533929 0.6553245801907367
2979 0.6498834414051885 0.6608335268477897 0.6572280599309365 0.6559816760613049
2989 0.6495347611212992 0.6592538425535709 0.6572225088164213 0.6553370374970972
2999 0.6505336919301625 0.6662649379889591 0.6571894130066867 0.6579960143086028
3009 0.6494292027952147 0.6730156134020733 0.6580359944904336 0.6601602702292405
3019 0.649631211109508 0.6594477203532987 0.6571799937430425 0.6554196417352831
3029 0.6494454912699117 0.659411803961304 0.6571718503963562 0.6553430485425239
3039 0.6489849552266509 0.9269619324528189 0.6571979476001579 0.7443816117598759
3049 0.6501641728138966 0.6650914176337865 0.6571651060304273 0.6574735654927035
3059 0.6490450811935515 0.6703554267186344 0.6571454160585738 0.6588486413235866
3069 0.6489019342111046 0.6978788819941179 0.6571278612519671 0.6679695591523965
3079 0.6492923013106903 0.6689623457423782 0.6571678147324379 0.6584741539285021
3089 0.6488962677013825 0.659472398619574 0.6571228964818908 0.6551638542676157
3099 0.6487453158958093 0.6587750285657908 0.6571133992636637 0.6548779145750879
3109 0.6485339435236717 0.6587032395876933 0.6571123542085241 0.6547831791066296
3119 0.6483907029851801 0.6585238029901318 0.6570812845633356 0.6546652635128825
3129 0.6486207079886092 0.6590627413691672 0.6570807574084645 0.6549214022554136
3139 0.6482322311599799 0.6602900615166296 0.6570542519963364 0.6551921815576486
3149 0.6494700489471866 0.6589255718952276 0.6570554045905573 0.6551503418109905
3159 0.6478453331405818 0.6607707306682208 0.6570902076461417 0.6552354238183148
3169 0.6477742435847162 0.660068320260806 0.6570381746500416 0.6549602461651879
3179 0.683673597697381 0.6638525503855255 0.6569886439707158 0.6681715973512073
3189 0.6484449025899073 0.6598477672412526 0.6569866105460826 0.6550930934590808
3199 0.648374317686463 0.6586206852015172 0.6569745414265195 0.6546565147714999
3209 0.6475097020039943 0.6584666870252655 0.656952052290422 0.6543094804398939
3219 0.647587582984065 0.6616584352347057 0.656942847274899 0.65539628849789
3229 0.6475173029395621 0.6588668160541262 0.6569434460938304 0.6544425216958395
3239 0.6478440818918563 0.6582442680573803 0.6569252962076576 0.6543378820522981
3249 0.6477788369109752 0.8062167668920402 0.6570506594068538 0.7036820877366231
3259 0.6471444911893437 0.6631316875377582 0.656914668368471 0.655730282365191
3269 0.6472596675012358 0.7156065858980758 0.6569112807652813 0.6732591780548643
3279 0.647686318694733 0.6682684786398382 0.6569105325269966 0.6576217766205227
3289 0.6476621608273466 0.6606590027840276 0.6569747164580753 0.6550986266898164
3299 0.6473218931259845 0.6582451254690262 0.6568882180912129 0.6541517455620746
3309 0.6473012579984444 0.6654988025838086 0.6568663033259082 0.6565554546360537
3319 0.6470935060018806 0.6581644339257507 0.6568191346758013 0.6540256915344775
3329 0.6470008342589426 0.6589029722062156 0.6568303260650478 0.6542447108434021
3339 0.6497833746506578 0.6587974466310292 0.6568104283387043 0.6551304165401305
3349 0.6465220218480277 0.658319095117021 0.6568311219710357 0.6538907463120281
3359 0.6464951032278138 0.6580468091389569 0.6567693671422895 0.6537704265030201
3369 0.6463504508428369 0.6597854223588214 0.6567456665449611 0.6542938465822065
3379 0.6463137547310779 0.6579053322945734 0.6567202415543674 0.6536464428600063
3389 0.646629555473256 0.6629819367860759 0.6567272264554409 0.6554462395715909
3399 0.6462216417382597 0.6595582918423186 0.6566811210428145 0.6541536848744643
3409 0.646298435198958 0.6637881077504677 0.6566912665576772 0.6555926031690343
3419 0.6532327038757308 0.657742727667687 0.6566771493459268 0.6558841936297816
3429 0.6477464523894036 0.6580799490316792 0.6566633998765898 0.6541632670992242
3439 0.6491210605565737 0.6605803116741933 0.6566697534219725 0.6554570418842466
3449 0.6496498894302719 0.6888517613639429 0.656678209352248 0.6650599533821543
3459 0.6461726446389014 0.6783555823696381 0.6567002255552871 0.6604094841879422
3469 0.6458475253799565 0.723390308160837 0.6567213963888746 0.6753197433098893
3479 0.6457408580112589 0.666869738226835 0.6566685127565529 0.6564263696648823
3489 0.6454211610694257 0.6578506204684368 0.6566148471304603 0.6532955428894409
3499 0.6455401006425795 0.6620100427724718 0.6565983529602911 0.6547161654584475
3509 0.6457887446928134 0.6600334649725104 0.6565971406652044 0.6541397834435094
3519 0.6456495220333669 0.6663362406584239 0.6565791554406615 0.6561883060441508
3529 0.6455248511263221 0.6575473588497714 0.6565600114974103 0.653210740491168
3539 0.6455164994718876 0.657620041178606 0.6565598160009363 0.6532321188838099
3549 0.6457973098903573 0.6575747852732008 0.6565143585884095 0.6532954845839892
3559 0.6452738658101266 0.6579652993505068 0.6565072593263789 0.6532488081623374
3569 0.6450956882570636 0.6575148906789551 0.6565035220021161 0.653038033646045
3579 0.6452689612983119 0.6579543538876317 0.6564899084895369 0.6532377412251602
3589 0.6452682562614039 0.6575062425064055 0.6564711789638856 0.6530818925772318
3599 0.6450365317794625 0.6620434711435484 0.6564619993986713 0.6545140007738941
3609 0.6449657763819603 0.6604404768808837 0.6564460785465719 0.6539507772698053
3619 0.6448996934584382 0.6634174111233305 0.6564538027367104 0.6549236357728264
3629 0.6451934723297871 0.6627849140562595 0.6564520027109774 0.654810129699008
3639 0.6448715576314217 0.657619908171848 0.6564251847479917 0.6529722168504204
3649 0.6449171550240242 0.6613737717320262 0.6564167553307318 0.6542358940289273
3659 0.6447096829735347 0.9304139453222602 0.6563950318178435 0.7438395533712129
3669 0.645316270756188 0.6613470474755646 0.6563837964481423 0.6543490382266316
3679 0.6452476511199035 0.6997425173518801 0.6563834860614038 0.6671245515110624
3689 0.6477916037736191 0.6677102874164729 0.6563832877056262 0.657295059631906
3699 0.6446665969038595 0.6589720793241827 0.6563740430896109 0.6533375731058845
3709 0.6448472256049675 0.6594030863842002 0.6563527645349433 0.6535343588413703
3719 0.6444756261713434 0.6583338831752573 0.6563507986129118 0.6530534359865042
3729 0.6444752038247097 0.6583554618892242 0.6563613291539508 0.6530639982892948
3739 0.6445671278293016 0.6580676800692941 0.6563414667563199 0.6529920915516385
3749 0.644166532608428 0.6567825742662964 0.656327317994562 0.6524254749564288
3759 0.644597566200918 0.6587863641522498 0.656296491527696 0.6532268072936213
3769 0.6444349467685849 0.6597406451020869 0.6562913322337794 0.6534889747014838
3779 0.6440997110469643 0.6586545042916249 0.6562620606637364 0.6530054253341085
3789 0.643416315909031 0.6577659608315122 0.6562812282410079 0.6524878349938503
3799 0.6429777194493166 0.6570418103324301 0.6562205706148428 0.6520800334655298
3809 0.6431565514307693 0.6587689565157653 0.6562794801832925 0.6527349960432757
3819 0.6463169455374655 0.6643280294257212 0.6562330656995982 0.6556260135542616
3829 0.6425354582803087 0.6625276645030571 0.6561918632686996 0.6537516620173551
3839 0.6423540190038082 0.6565607961125545 0.656179421888057 0.6516980790014733
3849 0.6419984781443185 0.6569029653369081 0.656163606980257 0.6516883501538279
3859 0.6418287834168381 0.6581214863395439 0.6561695280124579 0.6520399325896133
3869 0.6417532178163423 0.7921561984335285 0.6561392061960518 0.6966828741486409
3879 0.6420293778780103 0.6669697012569463 0.6561676469646286 0.6550555753665285
3889 0.6418932034498246 0.6969548449475413 0.6561290142159686 0.6649923542044448
3899 0.64130576744965 0.6672438493114822 0.6561506412173697 0.6549000859928339
3909 0.6414716529090095 0.6564572778183101 0.6561121769750945 0.6513470359008048
3919 0.640919647575816 0.6666045612799872 0.6561145470787313 0.6545462519781782
3929 0.6406080953146477 0.6692577202604547 0.6560896052028563 0.6553184735926529
3939 0.6405205570670257 0.6674624944383101 0.6560871198266996 0.6546900571106784
3949 0.6440616446199975 0.6576087844031131 0.6561703718027138 0.6526136002752748
3959 0.6403582424498105 0.6562609873427011 0.6560505665611703 0.6508899321178939
3969 0.6405575301093669 0.6583846535715118 0.6560193656379834 0.651653849772954
3979 0.6402715972169026 0.6587475707283553 0.6559990178955674 0.6516727286136085
3989 0.6400384338016014 0.6579745686128255 0.6560040416208646 0.6513390146784305
3999 0.6399737386480243 0.6560405709828997 0.6559913290751371 0.6506685462353538
4009 0.6399136036045727 0.6602473755848111 0.6559639179952705 0.6520416323948848
4019 0.6396757289197734 0.6577903764735661 0.6560067486816127 0.6511576180249841
4029 0.6394227183133326 0.6594134478104076 0.6559240021032735 0.6515867227423379
4039 0.6394972198155688 0.6579857795655732 0.6559091673716168 0.6511307222509196
4049 0.639244661590478 0.6582498965087269 0.6558669886207162 0.6511205155733071
4059 0.6410308634648153 0.6563987505450287 0.6558369762817073 0.6510888634305171
4069 0.6402736195043759 0.719663570849594 0.6558173624126914 0.6719181842555537
4079 0.6397726177597641 0.6630290657827593 0.6557925315073599 0.6528647383499612
4089 0.6395431143396585 0.6665822005991588 0.6557781688739079 0.6539678279375751
4099 0.6378805259865488 0.6803121729882623 0.6557635649284282 0.6579854213010798
4109 0.6414223121490636 0.6570685701252804 0.6557618824225226 0.6514175882322889
4119 0.6400917609512355 0.6557382569394784 0.6558835034663766 0.6505711737856968
4129 0.6380811584955391 0.6558949222708627 0.6557497159159489 0.6499085988941169
4139 0.6370597894719723 0.6582442546657042 0.6557460971459458 0.6503500470945407
4149 0.6371858741330799 0.69561455368249 0.6557719311621512 0.6628574529925736
4159 0.6372639403784526 0.6569043483003119 0.6557361652366546 0.6499681513051397
4169 0.6372782426667801 0.6561131928330132 0.6557243283421372 0.6497052546139769
4179 0.6364709588741919 0.6555936637422354 0.6557905601703969 0.6492850609289413
4189 0.6369067266965417 0.6584205150431245 0.6556659902471778 0.650331077328948
4199 0.6357388954617853 0.6558737253514948 0.656011518993149 0.649208046602143
4209 0.6355560237805955 0.6557707802859825 0.6556260241732835 0.6489842760799539
4219 0.6357341544216486 0.6576326619744325 0.6556088079572986 0.6496585414511266
4229 0.6354300522820603 0.661373997445559 0.6556310592228917 0.6508117029835035
4239 0.6356172671968429 0.6611052109872453 0.6555668083412831 0.6507630955084571
4249 0.6350799663324576 0.6576496626742152 0.6555886605331673 0.6494394298466134
4259 0.6354651265681425 0.6827905659523006 0.6555355683137073 0.65793042027805
4269 0.6360079401553816 0.6659856322906463 0.655510723036791 0.6525014318276062
4279 0.63506114374532 0.6617743000768868 0.6554890644661663 0.6507748360961244
4289 0.6347233319516525 0.6576367553974133 0.6554810109075052 0.6492803660855236
4299 0.634900430237409 0.6782157585491366 0.6555517992148122 0.6562226626671194
4309 0.6347106227765497 0.6566022892060521 0.6555723664875063 0.6489617594900361
4319 0.6346070780254698 0.6552743555773247 0.6554676829831434 0.6484497055286459
4329 0.6341830314078208 0.6552688546247725 0.6554540754321617 0.6483019871549183
4339 0.63836879435404 0.6556638219477783 0.6554875696394793 0.6498400619804325
4349 0.6336862606281645 0.6663718720557195 0.6554480816040185 0.6518354047626341
4359 0.6335025527236632 0.6683981207117945 0.6554256590248371 0.6524421108200983
4369 0.6436486947902039 0.6569970992247475 0.6554010020676969 0.6520155986942161
4379 0.6328999361638277 0.6555577270154048 0.655384345014428 0.6479473360645535
4389 0.6326113827995002 0.6572767925831086 0.6553860726600792 0.6484247493475627
4399 0.6322319086027881 0.6585863119547354 0.6553926143595925 0.648736944972372
4409 0.6320039722457034 0.6551760542014889 0.655386367068677 0.6475221311719564
4419 0.6321699658684152 0.6552412331348637 0.6553631845433309 0.6475914611822032
4429 0.6325339504574137 0.6623119788854684 0.6556654417896135 0.6501704570441652
4439 0.63318717301252 0.6558277480637816 0.6553480679894215 0.6481209963552411
4449 0.6317830174002455 0.6552903765798727 0.65532663128912 0.6474666750897461
4459 0.6307203427032237 0.823847360492849 0.6553123819438668 0.7032933617133131
4469 0.6307597737437559 0.7006904289346799 0.6552908001754002 0.6622470009512788
4479 0.6300647113155057 0.6586689836014336 0.6552969461375963 0.6480102136848451
4489 0.6302217926507376 0.6819520918647103 0.6552622389383768 0.6558120411512749
4499 0.630183931940219 0.6568218707737851 0.6552339882220977 0.6474132636453672
4509 0.6298938326846631 0.6553585209573977 0.6552098150698341 0.646820722903965
4519 0.6301322318683009 0.6596597832095162 0.6552223848820242 0.648338133319947
4529 0.6296850320945814 0.6547923875845921 0.655182711402549 0.6465533770272408
4539 0.6293488193644318 0.6546699021492833 0.655210174138351 0.6464096318840221
4549 0.6292027100698856 0.6546604738422884 0.6551541414493512 0.6463391084538418
4559 0.629836070425399 0.7085429988920375 0.6551592411636986 0.6645127701603784
4569 0.6292750789199798 0.6547243423903982 0.6551408059114668 0.646380075740615
4579 0.630997354935598 0.655600051029239 0.655145873984771 0.6472477599832027
4589 0.6281916548978634 0.6545773344922777 0.6551130551177577 0.645960681502633
4599 0.6316905684502887 0.6568683991930547 0.6551089784462568 0.6478893153632
4609 0.6280865787565907 0.6554238313791038 0.6551076711137813 0.6462060270831586
4619 0.6300304654246317 0.657151719034947 0.6551533666043953 0.6474451836879913
4629 0.6277909056967639 0.6547087549713331 0.6550857916823585 0.6458618174501518
4639 0.6280994043491649 0.6548721817616601 0.6550849175306755 0.6460188345471668
4649 0.6276169821315838 0.657084174269432 0.6550754858332979 0.6465922140781045
4659 0.627711785235702 0.7541664427690342 0.6550211398297313 0.6789664559448226
4669 0.6272271690133997 0.6642823754583106 0.655045472132244 0.6488516722013181
4679 0.6267777929513394 0.6794542737175795 0.6550272332254118 0.6537530999647769
4689 0.626811250655659 0.6963540508278085 0.6550171217087096 0.659394141064059
4699 0.6266484846119293 0.6645484012216677 0.6549932931134286 0.6487300596490085
4709 0.6265093781029147 0.6543699442924099 0.6549889111382258 0.6452894111778501
4719 0.6259794443936915 0.6544665232636131 0.6550088721285198 0.6451516132619415
4729 0.6258058205541699 0.6544406193380987 0.6549578519752858 0.6450680972891848
4739 0.6258358866463339 0.6545945044096906 0.6549566530171133 0.6451290146910459
4749 0.6253911842743658 0.6577991168903395 0.6549495901464946 0.6460466304370667
4759 0.6256556927013007 0.6689362951124668 0.6549972530866532 0.6498630803001403
4769 0.6257323652875905 0.6571084740656356 0.6549516186529935 0.6459308193354065
4779 0.6256433370248261 0.6555064130084641 0.6549244765607318 0.6453580755313407
4789 0.6256003569226694 0.6555016838810399 0.6549314074457037 0.6453444827498043
4799 0.6252261876632815 0.6541995241905848 0.6549264099968644 0.6447840406169102
4809 0.6287613625572895 0.6639197584130502 0.6549060252283486 0.6491957153995628
4819 0.6248398272646971 0.6545545741504025 0.6549100167792228 0.6447681393981075
4829 0.625205005055167 0.6540093871589446 0.6548804557346444 0.6446982826495853
4839 0.6243253029685363 0.6540532850682896 0.65484430021575 0.6444076294175253
4849 0.6245163673671656 0.6543225703827029 0.6548442685588094 0.6445610687695593
4859 0.624264773052959 0.6546050232192477 0.6548268677144743 0.644565554662227
4869 0.623954367570206 0.697352235617721 0.654821270947565 0.6587092913784973
4879 0.6239327885731065 0.7112155420177815 0.6548263890264742 0.6633249065391208
4889 0.6244976307843108 0.6657782025082318 0.6547988766898442 0.6483582366607955
4899 0.6248092410016752 0.878851584933122 0.6547873155896717 0.7194827138414897
4909 0.6246261867415486 0.6564032779428367 0.6548171768731833 0.6452822138525228
4919 0.623337052028195 0.6547409565980864 0.6547862876731662 0.6442880987664825
4929 0.6231859149938387 0.6539334255615148 0.6547908360653854 0.6439700588735796
4939 0.6230650888804217 0.6541359051231165 0.6547603125014082 0.6439871021683156
4949 0.6238795576704497 0.6559627368486917 0.6547471211265602 0.6448631385485672
4959 0.621694401575504 0.6537453968823147 0.6547316009926037 0.6433904664834742
4969 0.6216930668817331 0.6609199338191721 0.654733709711296 0.645782236804067
4979 0.6216620693813865 0.6610778950974222 0.654732039564898 0.6458240013479023
4989 0.6220403094701633 0.6539963999384294 0.6547073990699547 0.643581369492849
4999 0.6214305990261147 0.7515503647858136 0.654703922847694 0.6758949622198741
5009 0.6216235842336351 0.6660213394821761 0.6547247630619517 0.6474565622592543
5019 0.6206880911525059 0.6545118399608233 0.6547084054136213 0.6433027788423168
5029 0.6206205431982942 0.6538871949726707 0.6546842291704179 0.6430639891137943
5039 0.6203534391326493 0.6536166405228416 0.6546409481663042 0.642870342607265
5049 0.6203269647504434 0.6564779735377566 0.6546329429830066 0.6438126270904022
5059 0.6204896801650706 0.6538156171232173 0.6546178325158177 0.6429743766013685
5069 0.62052442848381 0.6540266080467146 0.6546036708764637 0.6430515691356627
5079 0.6203107543753935 0.6536602732909983 0.6546065848218293 0.6428592041627404
5089 0.6204372694474483 0.7438350277317911 0.6545797618367839 0.6729506863386744
5099 0.6200743769338318 0.6614825673439991 0.654584798711661 0.6453805809964973
5109 0.61951192122001 0.7353391089947884 0.6545690555439433 0.6698066952529138
5119 0.6195112134495403 0.6926859568830852 0.654606822934782 0.6556013310891359
5129 0.619620356577139 0.6565278043392772 0.6545896079554747 0.6435792562906303
5139 0.6193937197074582 0.6542995839382186 0.654676101601446 0.6427898017490409
5149 0.6193849348885425 0.653685956882594 0.6545634753576735 0.6425447890429367
5159 0.6186483884255088 0.6534981772703623 0.6545768601818261 0.6422411419592325
5169 0.6186583310943176 0.6540777909462969 0.6545615571752997 0.6424325597386381
5179 0.618422448717255 0.6805276384398681 0.6545283683963108 0.651159485184478
5189 0.6180316657173349 0.655958433717188 0.6545131866087768 0.6428344286810999
5199 0.6173850100388435 0.6560743694363702 0.6545194369674084 0.6426596054808741
5209 0.6178016490038799 0.6535972777939322 0.6545106346058436 0.6419698538012185
5219 0.6179185170987161 0.6537847774724509 0.6545125876798744 0.6420719607503472
5229 0.6172409052305651 0.6579578023036706 0.6545063746375015 0.643235027390579
5239 0.6206998440064703 0.6534402158611884 0.6545202114774461 0.642886757115035
5249 0.6174347383479354 0.6531892702775053 0.6545338620435889 0.6417192902230098
5259 0.6165728646332712 0.6530794497574955 0.6544730749218223 0.641375129770863
5269 0.6164483853684166 0.6576367112164048 0.6544821265078875 0.6428557410309029
5279 0.617675588741925 0.6532627442770083 0.6544435664129589 0.6417939664772974
5289 0.616544222675922 0.6529466321138134 0.65442249757407 0.6413044507879352
5299 0.6163098179751615 0.7169114024880148 0.6544094558585686 0.6625435587739149
5309 0.6162193301276275 0.6620201329359892 0.6544065892229477 0.6442153507621882
5319 0.6158320777319525 0.720766455684272 0.6546015465541338 0.6637333599901195
5329 0.6180145921734306 0.6640149227172959 0.6544121958404833 0.6454805702437366
5339 0.6156076155420751 0.653826135959188 0.6543959155269241 0.6412765556760625
5349 0.6156808728686118 0.652658958576541 0.6544328928398586 0.6409242414283371
5359 0.6154278140872171 0.6551590197971559 0.6543390375220687 0.6416419571354806
5369 0.6155768264767592 0.6780205660481048 0.6543605087932223 0.649319300439362
5379 0.6153665810695383 0.6581541405342723 0.6543088109318466 0.6426098441785525
5389 0.6149017695922256 0.6526373777342156 0.6542745188502757 0.6406045553922389
5399 0.6136192086769495 0.652451854616123 0.6542972072775703 0.6401227568568809
5409 0.6132968924560973 0.6575347549734408 0.6543151681531906 0.6417156051942429
5419 0.6134451681216624 0.652657047231268 0.6543264346152138 0.6401428833227147
5429 0.612631954811345 0.6533498603215038 0.6543091168489623 0.6400969773272703
5439 0.6129239763269048 0.6523306618734039 0.6542404570777903 0.639831698426033
5449 0.612603068827655 0.652344440823314 0.6542141822291371 0.6397205639600353
5459 0.6128284967977043 0.6522313126984318 0.6542299313724382 0.6397632469561915
5469 0.6124911511138136 0.6524761374200451 0.654179295349908 0.6397155279612555
5479 0.6122053482390118 0.652048641632969 0.654186694765727 0.6394802282125692
5489 0.6119402053722289 0.6523685143315383 0.6541749673787092 0.6394945623608255
5499 0.6115296201159424 0.6759788655913512 0.6541920458518612 0.6472335105197183
5509 0.611680206271614 0.660110315986927 0.6542378023701163 0.6420094415428858
5519 0.6118829011736381 0.7511115618468431 0.6541558792858042 0.6723834474354285
5529 0.6116391358353084 0.6633014362695738 0.6541557012039898 0.6430320911029573
5539 0.6131145776973294 0.6550160542394884 0.6541744925048157 0.6407683748138778
5549 0.6111822776294913 0.6515747531198279 0.6542909562926001 0.6390159956806398
5559 0.6110817717639973 0.6956544788480596 0.6543461893122092 0.653694146641422
5569 0.6106598171340234 0.6540041976169313 0.6541539666075528 0.6396059937861692
5579 0.6110965897838854 0.6522539732942717 0.6541392490480087 0.6391632707087219
5589 0.6111395109267297 0.6524398584457847 0.6540996146589232 0.6392263280104792
5599 0.610596835831186 0.6517094312656335 0.654080137517442 0.6387954682047537
5609 0.6116341456173269 0.6553670685405713 0.6540741220052567 0.6403584453877182
5619 0.610585033148717 0.6516485599957252 0.6541075099771985 0.6387803677072136
5629 0.6120938300228929 0.6519391044036403 0.6540937687797175 0.6393755677354169
5639 0.6098390574252117 0.6538379947437708 0.654066583093544 0.6392478784208421
5649 0.6129803483501618 0.6512314832365614 0.6540605962247363 0.6394241426038199
5659 0.610629624786673 0.6513576322177457 0.6541282286716059 0.6387051618920082
5669 0.6090006040474107 0.6514938281195278 0.6540948107010931 0.6381964142893439
5679 0.6091967007908995 0.6517048746375002 0.654041675426369 0.6383144169515895
5689 0.6084750535458174 0.6515975434639585 0.6540450133292524 0.6380392034463428
5699 0.6083620230635317 0.6514888035991163 0.654043331163465 0.637964719275371
5709 0.6083522749486214 0.7421547394522892 0.654061193020342 0.6681894024737508
5719 0.6079023578612346 0.8534370648078854 0.6540295328984411 0.705122985189187
5729 0.6093384776054477 0.7094063615598775 0.6540174993767779 0.6575874461807011
5739 0.609458074974159 0.6625639687209558 0.654034858065098 0.6420189672534042
5749 0.607524170087609 0.6523703732753146 0.654032771107676 0.6379757714901998
5759 0.6075608200663186 0.6724599390381315 0.6540177829534247 0.6446795140192916
5769 0.607516073901633 0.6510685672220357 0.6539946089970392 0.6375264167069027
5779 0.6072906716599092 0.6512221007569816 0.6539647000898112 0.6374924908355674
5789 0.6066907624059837 0.6570691150695727 0.6539669972952353 0.6392422915902639
5799 0.6069962993617951 0.6514293826701592 0.6539671870092844 0.6374642896804129
5809 0.6067739268375932 0.6741481863957081 0.6539557775226754 0.6449592969186589
5819 0.6067618456323398 0.6521559054271919 0.6539445503650475 0.6376207671415264
5829 0.6061895790209207 0.6514624212178245 0.6539612047969946 0.63720440167858
5839 0.6061150003644652 0.6518450344171522 0.6539414861334923 0.6373005069717032
5849 0.6060516556407548 0.6528135726380963 0.6539763968886803 0.6376138750558438
5859 0.6061347682336605 0.6508716382174841 0.6539433131715037 0.636983239874216
5869 0.6067529478666344 0.6542708840887188 0.6539265263141754 0.6383167860898429
5879 0.6059311504028214 0.6508607092208565 0.6539158316811026 0.6369025637682602
5889 0.6133396012592183 0.6512717956144668 0.6539111500916874 0.6395075156551241
5899 0.6059749412185289 0.7490871476477643 0.6545067911601584 0.6698562933421505
5909 0.6059284646318985 0.7260848363029407 0.6539286753064443 0.6619806587470944
5919 0.6074780474290582 0.6650233423244402 0.6538616439567219 0.64212101123674
5929 0.6052313010671615 0.6571719077891225 0.653875354596457 0.6387595211509137
5939 0.6047568066149172 0.6758389353298005 0.6538664176772242 0.6448207198739806
5949 0.6044645543488898 0.6518667349974226 0.6538597158477254 0.6367303350646792
5959 0.604252524142106 0.6502563947471992 0.6538445563596644 0.6361178250829899
5969 0.6039903788253177 0.6511169174719551 0.6538395395157099 0.6363156119376608
5979 0.605255375529567 0.6502590525367492 0.6538211619918237 0.6364451966860466
5989 0.6038393656249507 0.6502803504744006 0.653884384667886 0.6360013669224124
5999 0.6041809459410917 0.6536207381382964 0.6537830029810302 0.6371948956868061
6009 0.603833573524882 0.6508966825107657 0.6538859049950178 0.6362053870102219
6019 0.6037874644491658 0.6502881454882482 0.6537439522807168 0.6359398540727103
6029 0.6035476979814017 0.6501878287691358 0.6537572155543595 0.6358309141016324
6039 0.6031198362927722 0.6964784546556733 0.6537083099855512 0.6511022003113321
6049 0.6031992277537997 0.6892127434952198 0.6537204921725878 0.6487108211405358
6059 0.6030005263374474 0.6562346324101967 0.6537066615722793 0.6376472734399745
6069 0.6026166771044894 0.6505376702462755 0.6537465030627484 0.6356336168045044
6079 0.6027744947696719 0.6501445621423153 0.6537921193337584 0.6355703920819152
6089 0.602100699258051 0.6510816216719982 0.6536927038778908 0.6356250082693133
6099 0.6021660130631392 0.6501191295794966 0.6537207367243969 0.6353352931223443
6109 0.6037353822315908 0.6512573855654464 0.653681987656218 0.6362249184844183
6119 0.6022977341156213 0.6497852508986679 0.6536733383587724 0.6352521077910205
6129 0.6021654533171488 0.6648148547536847 0.6536997777437856 0.6402266952715397
6139 0.6017651565648007 0.6567868701813038 0.6536471854056746 0.6373997373839263
6149 0.6019412129419183 0.6753104849765907 0.6536233927883583 0.6436250302356225
6159 0.6012232861770528 0.6510981440338701 0.6536142340450478 0.6353118880853236
6169 0.6006726930338496 0.6495693359063356 0.6536029061233457 0.6346149783545103
6179 0.6007691343085068 0.6495888211385433 0.6536060180034865 0.6346546578168456
6189 0.6004274134951367 0.649806049096362 0.653588962220793 0.6346074749374305
6199 0.6004743902975053 0.6496463828026263 0.6535916187880596 0.6345707972960638
6209 0.6001212890353892 0.6499245836485642 0.6535781197684539 0.6345413308174691
6219 0.6001058942053356 0.6493629059206281 0.6535498588397967 0.6343395529885867
6229 0.6004174795996979 0.6496251371605363 0.6539019165610139 0.6346481777737494
6239 0.6001028499667385 0.6503051164411527 0.6535104828349634 0.6346394830809515
6249 0.5999094642131879 0.7439488509345902 0.6535246689659173 0.6657943280378985
6259 0.599964107621421 0.7235797761886843 0.6534854636066995 0.6590097824722684
6269 0.5996112498074139 0.6495649610254312 0.6534421389402127 0.6342061165910192
6279 0.5990727449452776 0.6541742503445288 0.6534584969578541 0.6355684974158868
6289 0.5997177480328036 0.6502920055259089 0.6534397106780508 0.6344831547455878
6299 0.5989628121029644 0.6492432745636438 0.6534515357843472 0.6338858741503185
6309 0.5985804097400929 0.650004322615535 0.653537911075986 0.6340408811438712
6319 0.5984081573501016 0.6494468119552025 0.6534202472451726 0.6337584055168256
6329 0.5982598248514955 0.6494680403308355 0.6534361330805729 0.6337213327543013
6339 0.5980669635125779 0.6627471268565109 0.6534065712171315 0.6380735538620735
6349 0.5981937046884765 0.6568811982116166 0.6534124377073408 0.6361624468691446
6359 0.598241275176299 0.6678512889545477 0.6534048267795144 0.639832463636787
6369 0.5981789819086535 0.6497044749569135 0.6533609317404401 0.6337481295353357
6379 0.5977076362770188 0.6496110718306314 0.6534542416681839 0.6335909832586114
6389 0.5978809558750598 0.6493269876508441 0.653355363236135 0.6335211022540129
6399 0.5972930191489162 0.6493386931266474 0.6533807865107604 0.6333374995954414
6409 0.5973351970543699 0.6505066418490261 0.6532725288357573 0.6337047892463844
6419 0.597063482391342 0.6493216580521431 0.6534336061935483 0.6332729155456778
6429 0.5971380762267239 0.6487662876204576 0.6532232364052413 0.6330425334174743
6439 0.5971378267697219 0.6488287843571493 0.6532257861379774 0.6330641324216163
6449 0.5981976647499296 0.6504418517989978 0.6532077298976798 0.633949082148869
6459 0.5968433560299807 0.7410417921927924 0.6531771359903902 0.6636874280710544
6469 0.5968204609039017 0.6569402320743379 0.6532325329886388 0.6356644086556261
6479 0.5965530220315289 0.649128919908388 0.6531587990707018 0.6329469136702063
6489 0.5962348627775488 0.6495619229141926 0.6531063607032631 0.6329677154650014
6499 0.596140351412482 0.6485986596280687 0.6531147684637173 0.6326179265014227
6509 0.5961031282828414 0.648474458329013 0.6531029431996839 0.632560176603846
6519 0.5965638798188273 0.6496594202481909 0.6531282236901322 0.6331171745857168
6529 0.5967591170185238 0.648346226974482 0.6530985544749933 0.6327346328226664
6539 0.5962577227118685 0.6488654236363742 0.6531240878216398 0.6327490780566275
6549 0.5961687903176374 0.6774567712833443 0.6530801266334361 0.6422352294114726
6559 0.5961847352158733 0.6754858876014492 0.6530837755414047 0.641584799452909
6569 0.5962029354835984 0.6563398307418349 0.6530603542817516 0.6352010401690616
6579 0.5954913138418058 0.6485276383073748 0.653014395061856 0.6323444490703455
6589 0.5957017068867059 0.6500818329383217 0.6530061105470127 0.6329298834573468
6599 0.5956381573348049 0.6482912092519666 0.6529805107712751 0.6323032924526822
6609 0.5951639522796294 0.6486989937376305 0.6530589811758801 0.6323073090643799
6619 0.5954727308394429 0.6482881544986313 0.6529679319285067 0.6322429390888603
6629 0.595232608008511 0.6485020606420031 0.6529499899154851 0.6322282195219997
6639 0.5952661714743149 0.6480820524477009 0.6529302673713727 0.6320928304311294
6649 0.5958256127031645 0.804662551448768 0.6529415665515835 0.6844765769011719
6659 0.5950111067968933 0.6479926247232501 0.6529042981917216 0.6319693432372883
6669 0.5949964514436578 0.6496673185182794 0.6528899504536599 0.632517906805199
6679 0.5951216702526051 0.6517700816596871 0.6528868056582576 0.6332595191901832
6689 0.5951753869985966 0.6479291028979458 0.652885152630425 0.6319965475089891
6699 0.5953168243867106 0.6486140689507376 0.6528794053354652 0.6322700995576378
6709 0.594657545221927 0.6496979133086533 0.6528620359592741 0.6324058314966181
6719 0.5946243311333284 0.6493294929085526 0.6528542285421567 0.6322693508613458
6729 0.6043467835627087 0.6530584354851455 0.6528464940543678 0.636750571034074
6739 0.594967346683946 0.6477051855481097 0.6528453882660101 0.6318393068326886
6749 0.5947093949697526 0.6492208891412321 0.6529295369687654 0.6322866070265833
6759 0.594576054794586 0.6475893733249125 0.6528165457190016 0.6316606579461667
6769 0.594412215939412 0.6637160601984355 0.6528172215431826 0.6369818325603434
6779 0.5946171269282463 0.6511630219419886 0.6528040244665232 0.6328613911122527
6789 0.5945233361174155 0.6489451191191149 0.652781198524575 0.6320832179203685
6799 0.5956310886738736 0.6477005074516399 0.6527582294125839 0.6320299418460325
6809 0.5953099012794625 0.6475704605929173 0.6527594599875545 0.6318799406199781
6819 0.5946113496698197 0.6472808301484664 0.6530568349271252 0.6316496715818037
6829 0.5942051473687808 0.647322738945187 0.6527848089031381 0.6314375650723686
6839 0.5944216704174351 0.6473301643794184 0.6527087906608549 0.6314868751525694
6849 0.5956814714466924 0.6475396542608847 0.6526975925052273 0.6319729060709348
6859 0.594617555480627 0.9277016506753519 0.6532689762086624 0.7251960607882139
6869 0.601967409292604 0.6825090703079562 0.6526874872904711 0.6457213222970104
6879 0.5938522004708292 0.648013871009503 0.6527004489539551 0.6315221734780958
6889 0.5938023101646979 0.6468586272109779 0.6526962152829526 0.6311190508862095
6899 0.593758079998403 0.6538235184626846 0.652685294096002 0.6334222975190299
6909 0.5933730030417316 0.6468008097039825 0.652675458034128 0.630949756926614
6919 0.5935258117044553 0.6469953039650422 0.6526708083574208 0.6310639746756395
6929 0.5940170961131828 0.648679625500631 0.6526740900320104 0.631790270548608
6939 0.5935736523113397 0.6474739694677534 0.6526557593037425 0.6312344603609452
6949 0.5935479919887852 0.6967131818889375 0.6526488230787133 0.6476366656521453
6959 0.5938184892962217 0.6739596960321645 0.6526967804690887 0.6401583219324917
6969 0.5938018847230307 0.647807381196531 0.6526361358801961 0.6314151339332527
6979 0.5933452927419826 0.6472859822287542 0.6526329878483472 0.6310880876063614
6989 0.5935379121698897 0.6486290063088406 0.6526630711265038 0.631609996535078
6999 0.5935001427928525 0.6464358974996096 0.652608176837235 0.6308480723765656
7009 0.6019166063868794 0.6471604722081976 0.6526043496255649 0.6338938094068806
7019 0.5935662127664209 0.6478342303217104 0.6526024752052071 0.6313343060977794
7029 0.5931474386152561 0.714521931158549 0.6526029957587687 0.6534241218441913
7039 0.5935850155218253 0.6596675416358078 0.6525701410252933 0.6352742327276422
7049 0.5986256609505257 0.6469948413575057 0.6525722597480396 0.632730920685357
7059 0.5939862619348482 0.6461002850211067 0.6525635879785799 0.6308833783115116
7069 0.5926158179788217 0.6463640945069364 0.6525735672951422 0.6305178265936334
7079 0.5927788321044068 0.6460603041120535 0.6525750603440892 0.6304713988535166
7089 0.5973906958059493 0.6476260361915855 0.6524797379977435 0.6324988233317593
7099 0.5924881303607339 0.6481384593876252 0.6524485020823056 0.6310250306102215
7109 0.5923574817623545 0.6516061692528431 0.6524383278958024 0.6321339929703333
7119 0.5934457507532458 0.6470937864797184 0.6524416785588106 0.6309937385972583
7129 0.5934555182208269 0.6479543039356969 0.6524217561993229 0.6312771927852822
7139 0.5924943332370375 0.6454168402011216 0.652392582485395 0.6301012519745179
7149 0.5982024897215447 0.6465815270501003 0.6523817260460862 0.6323885809392438
7159 0.5926545301430126 0.6492399102965787 0.6523817553257004 0.6314253985884305
7169 0.5919993377891583 0.6465055742268138 0.6523865475067415 0.6302971531742378
7179 0.5920688684569859 0.6454394509194638 0.6523862126559872 0.6299648440108123
7189 0.7410097373844844 0.6485624454657137 0.6524004166819198 0.6806575331773727
7199 0.5947375281477726 0.6464052598443544 0.6523538503312125 0.6311655461077799
7209 0.5919842995805655 0.6452920407918473 0.6523501502921301 0.629875496888181
7219 0.5920551930044691 0.6462954224679646 0.6523556157537902 0.6302354104087412
7229 0.5916845945834919 0.6459924470196727 0.6523382556926149 0.6300050990985931
7239 0.5922865813654864 0.6814903151861671 0.6523358299310384 0.6420375754942307
7249 0.5915006060600239 0.7951184314884365 0.6523208113851588 0.6796466163112065
7259 0.5927017764262754 0.6486153358080808 0.6523151780667034 0.6312107634336865
7269 0.591510524545683 0.645221577216034 0.6523167310054941 0.629682944255737
7279 0.5915809663454662 0.6452266235502947 0.6523177480586628 0.6297084459848079
7289 0.5929537438408209 0.6453518619303324 0.6523120924878613 0.6302058994196714
7299 0.5910052741471848 0.6470026288505516 0.6522921632345862 0.6301000220774409
7309 0.5917278534471564 0.6479046317855136 0.6522827056600452 0.6306383969642383
7319 0.5915506004486105 0.6461601211930998 0.6522325897808063 0.6299811038075055
7329 0.5913204656180994 0.6452923079841852 0.6524373713832512 0.6296833816618452
7339 0.5922708788467199 0.6454461184138212 0.6522152724956045 0.6299774232520485
7349 0.5913223484329027 0.6447205112608231 0.6522483231103479 0.6294303942680246
7359 0.6067498361214848 0.6450518070579537 0.6522371618659177 0.6346796016817854
7369 0.5916544108624421 0.6459431990279666 0.652185661003818 0.6299277569647422
7379 0.5909448223097494 0.6522564312081338 0.6522765599476577 0.6318259378218469
7389 0.7893369689600532 0.6519656917559763 0.6521720310865091 0.6978248972675128
7399 0.5989505769725118 0.6453371528620991 0.6521947616851923 0.6321608305066011
7409 0.5912676114062004 0.6448529726124922 0.6522288927244346 0.6294498255810425
7419 0.590762408748982 0.6451045678877705 0.6521652133656745 0.6293440633341424
7429 0.5908088512734357 0.6455467872742999 0.6522330552537501 0.6295295646004953
7439 0.5908875791904118 0.6447776139935095 0.652135354212314 0.6292668491320784
7449 0.5905802928985852 0.6847190410761748 0.6521307195318453 0.6424766845022017
7459 0.5906590367710449 0.6588324007271438 0.6521208422649328 0.6338707599210406
7469 0.5911184810534279 0.6449417423956174 0.6521044063275526 0.6293882099255326
7479 0.5924750427581261 0.6442624416450926 0.6520781166016232 0.6296052003349473
7489 0.59064124279003 0.6466407579100723 0.6520918706128231 0.6297912904376418
7499 0.590264222428544 0.6448327108554927 0.6520700776876909 0.6290556703239092
7509 0.5903463205542538 0.6448748491438351 0.6520496690871003 0.6290902795950631
7519 0.5907078056760269 0.6444835394529537 0.6522391384290935 0.629143494519358
7529 0.5904595943976723 0.649246698253603 0.6520715247803168 0.6305926058105307
7539 0.5967965141449679 0.6448706757694757 0.6520722052619553 0.6312464650587996
7549 0.5905940255317623 0.644233142471415 0.6520022138548841 0.6289431272860204
7559 0.5933211874312371 0.643846006121208 0.6520221285643553 0.6297297740389335
7569 0.6061985807921664 0.6460889538785233 0.6519798680052713 0.634755800891987
7579 0.590072672791478 0.6709342652839384 0.6519796947728875 0.6376622109494346
7589 0.7563667182131681 0.6519905062002203 0.651965627273926 0.6867742838957716
7599 0.5902519697016126 0.6520474687275098 0.6519668311309209 0.6314220898533477
7609 0.5991962166539229 0.643352284026369 0.6519608745761192 0.6315031250854704
7619 0.5907284190135061 0.6463232645271297 0.6520671451141045 0.6297062762182467
7629 0.5903887824319766 0.6434658540538857 0.6519680837880548 0.628607573424639
7639 0.5904989539369834 0.6442808224290417 0.651934288874051 0.6289046884133587
7649 0.5901854704078634 0.6433231941652594 0.6519115298234934 0.6284733981322054
7659 0.5900472405875226 0.7726788865514742 0.6519255354977782 0.6715505542122583
7669 0.5922296248540885 0.6815225388862296 0.6519012533409819 0.6418844723604334
7679 0.5932992212795952 0.6437473949680856 0.6519035446692083 0.629650053638963
7689 0.5897723404689126 0.6432958456323982 0.6518923663317845 0.6283201841443651
7699 0.5896652100101133 0.6453150315298191 0.651877146287918 0.6289524626092834
7709 0.5912974372618391 0.6433627990429276 0.6518841795818077 0.6288481386288581
7719 0.5900755427948472 0.6434275719272423 0.6518565219701257 0.6284532122307384
7729 0.5897152389805044 0.6433817751335427 0.6518449009258468 0.6283139716799647
7739 0.5899850312818494 0.6467387085312768 0.6518369226340452 0.6295202208157239
7749 0.5904247712664192 0.6430900264981049 0.6519802963425105 0.6284983647023449
7759 0.5965130830758643 0.6438655211902312 0.6518741118077434 0.6307509053579463
7769 0.5901215716726674 0.6433340595992881 0.6518160593868716 0.6284238968862758
7779 0.5900183420641822 0.6524802558683755 0.6517999835905417 0.6314328605076999
7789 0.6332946933224463 0.67225953508316 0.6518260704421983 0.6524600996159349
7799 0.5914915966213051 0.64341614321798 0.6517678813693999 0.6288918737362283
7809 0.5920477123828018 0.6508902640961267 0.6517710509294471 0.6315696758027919
7819 0.5900436873174018 0.6431546872210911 0.6517742443979061 0.6283242063121329
7829 0.5891105563031285 0.6434771775482571 0.6518002278795672 0.6281293205769842
7839 0.5888473200313269 0.6428949645085634 0.6517705390609834 0.627837607866958
7849 0.5890227830203997 0.6751268349345567 0.6517625228713804 0.6386373802754456
7859 0.5888003002310981 0.6688975392426583 0.6517800502430502 0.6364926299056022
7869 0.5890935855409362 0.6445659303234227 0.6517925504932006 0.6284840221191864
7879 0.5914854882089242 0.6522333727529466 0.6517316788714133 0.6318168466110947
7889 0.5920759542313557 0.6436662857191056 0.6517136363942452 0.6291519587815689
7899 0.5923163363656857 0.6419485588073095 0.6517003070725355 0.6286550674151768
7909 0.5886051593749149 0.6420281378749166 0.6516996101659546 0.6274443024719286
7919 0.5895983525599222 0.6428453490067766 0.651698234270288 0.6280473119456623
7929 0.5889990379325405 0.6426138218687759 0.6626541577988153 0.6314223392000439
7939 0.5888229063675413 0.6451275394512037 0.6517641970148005 0.6285715476111818
7949 0.5922084317482618 0.6421067243875865 0.6516739348393804 0.6286630303250762
7959 0.5895516478302073 0.6434602968236897 0.651678453794438 0.6282301328161116
7969 0.5916551728561958 0.641932662613268 0.6516198540198707 0.6284025631631115
7979 0.5883876542917852 0.6420636773546681 0.6515855046901872 0.6273456121122135
7989 0.6322028185313684 0.6430474717806592 0.651589129965715 0.6422798067592476
7999 0.5894218286883703 0.6538604695580756 0.6516098654419967 0.6316307212294809
8009 0.5879701425698025 0.6448467346012392 0.6516893050691569 0.6281687274133995
8019 0.5886033590293986 0.6434215827957925 0.6515794955541976 0.6278681457931296
8029 0.5877262815052439 0.6415361736626322 0.6515716077793352 0.6269446876490704
8039 0.588697300849103 0.6450343782567064 0.6515663767174978 0.6284326852744359
8049 0.5950817317173435 0.6424242034873965 0.6515584177566932 0.629688117653811
8059 0.587956179272543 0.6410840680860717 0.6515192188760713 0.626853155411562
8069 0.5877583982468639 0.7261256834198877 0.6515269397258691 0.6551370071308735
8079 0.5879945934418236 0.6578274377638897 0.6515269776565582 0.6324496696207572
8089 0.5881505505995579 0.6996943960540857 0.6514888054618202 0.6464445840384879
8099 0.5879813076566299 0.6430212653424036 0.6514830690100605 0.6274952140030313
8109 0.5942720321504837 0.6408444878971029 0.651497425044613 0.6288713150307332
8119 0.5880575627137027 0.6413455564201439 0.6514774888398613 0.6269602026579026
8129 0.5876191515695307 0.642755114741572 0.6514743608503043 0.627282875720469
8139 0.5875126054498606 0.6410358679353437 0.6514301558540102 0.6266595430797381
8149 0.5871125881919492 0.6411689691895816 0.6514221938285997 0.6265679170700434
8159 0.5876069237761914 0.6410558482220767 0.6525215642551643 0.6270614454178108
8169 0.5871647482918307 0.6412726866083097 0.6515878429245575 0.6266750926082326
8179 0.5925428527245186 0.6422951963952702 0.6513875822195241 0.6287418771131043
8189 0.5872668887594796 0.6423491496727508 0.6513871231729289 0.6270010538683864
8199 0.6638741261727263 0.6406764299919115 0.6513811972475209 0.6519772511373861
8209 0.5923335821592597 0.6543601832883876 0.6513757303455494 0.6326898319310655
8219 0.5874891218402265 0.6424413591542519 0.6513727337182239 0.6271010715709008
8229 0.5875554744715251 0.6500885115026526 0.6513597037846143 0.629667896586264
8239 0.5871146308179664 0.6417971070501576 0.6513496095212418 0.6267537824631219
8249 0.5868723590079012 0.641313056681253 0.6513650497994261 0.6265168218295268
8259 0.5929543644127326 0.6420045311012023 0.6513506162998066 0.6287698372712471
8269 0.586662529716204 0.6401345927941544 0.6513981572039372 0.6260650932380986
8279 0.5887455903939008 0.726938922480409 0.6513241859603964 0.6556695662782354
8289 0.5866567875599418 0.6499440380873347 0.6512949800135799 0.6292986018869521
8299 0.5866502073598963 0.6586611013985267 0.6512941527220548 0.6322018204934926
8309 0.5863488325541374 0.6411507670359818 0.6512803972197116 0.6262599989366103
8319 0.5866913755313264 0.6419845513466959 0.6512683119563932 0.6266480796114718
8329 0.5865739255763014 0.6438686215056656 0.6512302184066766 0.6272242551628812
8339 0.5863173632334819 0.6394020339041452 0.6512318147432169 0.6256504039602814
8349 0.5864810807673884 0.6434931922449195 0.6512291059994799 0.6270677930039292
8359 0.5867530737115152 0.6444598187928564 0.6512163678657886 0.6274764201233868
8369 0.5868397686348827 0.6393443403176825 0.651221763194063 0.6258019573822095
8379 0.5863781565374054 0.6399644797871736 0.6511978212568126 0.6258468191937973
8389 0.5862683196016863 0.640538812800517 0.6512216248415587 0.6260095857479206
8399 0.5885852673460554 0.6394520235168325 0.6519442415728455 0.6266605108119112
8409 0.5984347854423488 0.6506094091210183 0.6512754161206398 0.6334398702280023
8419 0.5868834754716571 0.6510215768947182 0.6511596942792929 0.6296882488818895
8429 0.6712797020665813 0.6411182386236867 0.6512475057496796 0.6545484821466492
8439 0.5863435148731576 0.6397731042901482 0.6512312478941317 0.6257826223524791
8449 0.5885255591846267 0.6503261022511222 0.6511527149529184 0.6300014587962224
8459 0.5860261263652211 0.6389805902151107 0.6512679887532332 0.6254249017778549
8469 0.5866808792659538 0.6397606392903816 0.651083220804723 0.6258415797870195
8479 0.5871971400773484 0.6390066780011874 0.6510080586805359 0.6257372922530239
8489 0.59146043235629 1.1089770642908316 0.650994660098719 0.7838107189152802
8499 0.5855859135639166 0.6582306944915686 0.6509790396525997 0.6315985492360284
8509 0.5855419782915603 0.6583896922524933 0.6510151981059356 0.6316489562166631
8519 0.5859007511268066 0.6402353220827471 0.6508858543099547 0.6256739758398362
8529 0.5859468555024799 0.6388083899247291 0.6508560284272615 0.6252037579514902
8539 0.5856690543032463 0.6386844580140584 0.6509310331044461 0.625094848473917
8549 0.5877789069893646 0.6417866747512574 0.6508788969406153 0.6268148262270791
8559 0.5853815762582754 0.6386736689810798 0.6508578216071582 0.6249710222821712
8569 0.5862163308932222 0.640028324908808 0.6507770210944872 0.6256738922988392
8579 0.5857398209206923 0.6380078518046259 0.6507733333353701 0.6248403353535629
8589 0.5858922058564393 0.6396875231833833 0.6508050171023203 0.6254615820473809
8599 0.5857626171468027 0.6394529030600926 0.6507432322946759 0.6253195841671904
8609 0.5865749874167812 0.6380591239970516 0.6507312038649593 0.6251217717595974
8619 0.5981449160128883 0.6534709053458068 0.6507217365991522 0.6341125193192824
8629 0.5922615786359534 0.6454541840723477 0.6507165751870573 0.6294774459651195
8639 0.585316117164638 0.640885650855263 0.6507236042751844 0.6256417907650285
8649 0.5855326132667036 0.6382578968750672 0.6508604532535396 0.6248836544651034
8659 0.5853002176218274 0.6387660295831772 0.6507166174090626 0.6249276215380224
8669 0.5885956581914574 0.6386164474818362 0.6507840347098675 0.6259987134610537
8679 0.5910245529067581 0.6454512292090774 0.6506610000372436 0.6290455940510263
8689 0.5849682746120243 0.6387889885394907 0.650693815119601 0.6248170260903719
8699 0.5893237913413131 0.7334670887364391 0.6506762075169129 0.657822362531555
8709 0.5850930597475509 0.6703269109496581 0.6506782143556283 0.6353660616842792
8719 0.5849977221701698 0.6573269333584525 0.6506407303299114 0.6309884619528446
8729 0.5852064510940904 0.6403884568741613 0.6505478572476937 0.6253809217386485
8739 0.5852714825282216 0.6377294489239038 0.6505634510014804 0.6245214608178686
8749 0.5851630004557478 0.6375248957475954 0.650532118143922 0.6244066714490883
8759 0.5898305194586527 0.6427557205975898 0.6505077316312329 0.6276979905624918
8769 0.5856043191052117 0.6437109675071813 0.6505122131971698 0.6266091666031876
8779 0.5847065754289502 0.6387037031404572 0.6504387888376473 0.6246163558023515
8789 0.5854887247203765 0.6422684704190132 0.6504185536419812 0.6260585829271236
8799 0.5852495866866345 0.6373057292879718 0.6504012532847162 0.6243188564197742
8809 0.5852069761001149 0.6399555203742727 0.650406842102394 0.6251897795255937
8819 0.5851369437947889 0.6368431440548251 0.6503959333013625 0.6241253403836589
8829 0.6146760844985192 0.6531751888170666 0.6506207238271066 0.6394906657142307
8839 0.5870857999404924 0.6399841979506576 0.6514948979407457 0.6261882986106319
8849 0.5852977525781519 0.6369658883921266 0.6503605961663015 0.6242080790455267
8859 0.5864538094517889 0.6376358919800813 0.6504679108772276 0.6248525374363659
8869 0.5844806732562026 0.6369357108923365 0.6503561552946607 0.6239241798144
8879 0.5844287721326823 0.6417618297819475 0.6505570070142609 0.6255825363096302
8889 0.5848863837093716 0.6423763574575053 0.6503277031586483 0.6258634814418417
8899 0.5863080655678594 0.8103857747943832 0.6502946527413136 0.6823294977011853
8909 0.5846306734032192 0.6701484335596327 0.6507220523199396 0.6351670530942638
8919 0.5842571162582021 0.660126493521962 0.6502790496986884 0.6315542198262842
8929 0.5844213631383604 0.6540642120367101 0.6502752785374488 0.6295869512375064
8939 0.5841641360328109 0.6388755950600761 0.6502387803162002 0.6244261704696957
8949 0.587320928547049 0.6375853109251604 0.6501839542327628 0.6250300645683241
8959 0.5842190918375215 0.6362046805478955 0.6501353730050963 0.6235197151301711
8969 0.5848376838978169 0.6382303870573419 0.6504627331358499 0.6245102680303362
8979 0.5874479309210922 0.6361854572889384 0.6501588673958371 0.6245974185352892
8989 0.5859736415869844 0.6360146617657405 0.6502482646790646 0.6240788560105964
8999 0.5841479865294861 0.6384488475653616 0.6500908342813009 0.6242292227920495
9009 0.6010232703201062 0.6361315824269317 0.650032865425164 0.6290625727240672
9019 0.5860337431645545 0.6363235266437 0.6500053314862154 0.6241208670981567
9029 0.5845598808926156 0.6410238442273171 0.650052744109754 0.6252121564098956
9039 0.583877064268668 0.6368095928580958 0.6499772652391829 0.6235546407886489
9049 0.5838327638926096 0.6357991325319923 0.6499669656013637 0.6231996206753219
9059 0.5880460222649505 0.6364149570264286 0.6499617890501764 0.6248075894471853
9069 0.5839523300697262 0.6365138131831738 0.6499632833365251 0.6234764755298084
9079 0.5842695137532501 0.636049400120354 0.6501176079742957 0.6234788406159666
9089 0.583852015821909 0.6372233330050592 0.6499728709561664 0.6236827399277115
9099 0.5841919917843762 0.7389757154527612 0.6499568437477666 0.6577081836616347
9109 0.5855055179395395 0.6448490478487989 0.6499549570181538 0.6267698409354975
9119 0.5847593253830065 0.650339544575479 0.6503911208961062 0.6284966636181972
9129 0.5848750144323344 0.643508403236761 0.6499027210867715 0.6260953795852889
9139 0.58361716366366 0.6350806880047086 0.6499002791045569 0.6228660435909752
9149 0.584005968571975 0.6348810902058538 0.6498522125774114 0.6229130904517467
9159 0.5837681481120562 0.6354740015021402 0.6498600466784508 0.6230340654308825
9169 0.5837708203038712 0.6377905967282845 0.64979665834651 0.6237860251262219
9179 0.5843804157165569 0.6348624637817725 0.6498201138034899 0.623020997767273
9189 0.6115680123243094 0.6348461346223799 0.6497426707011507 0.63205227254928
9199 0.5842855832472975 0.6347365546899002 0.6497230455082983 0.6229150611484987
9209 0.5835549911556317 0.6358166676003874 0.6497460161100999 0.623039224955373
9219 0.5832375705496688 0.6345433375255032 0.6496516602795854 0.6224775227849192
9229 0.5874442050209233 0.6416021414309029 0.6496695784810362 0.6262386416442874
9239 0.5835149605577408 0.6345744041663233 0.6496497735940384 0.6225797127727009
9249 0.5837129079840594 0.6343420082783645 0.6496091511695365 0.6225546891439868
9259 0.5852072946017693 0.6347113854317601 0.6495840288610504 0.6231675696315265
9269 0.5834016943343576 0.6421643964800197 0.6496014533410484 0.6250558480518086
9279 0.584700990747782 0.634191471332765 0.6503309040355435 0.6230744553720302
9289 0.5831566686053719 0.6339502363164127 0.64958764976185 0.6222315182278781
9299 0.5833402871593951 0.6342613563063116 0.6498252524235214 0.6224756319630761
9309 0.5846510775190162 0.747652950954483 0.6496080450737051 0.6606373578490681
9319 0.5833453968561368 0.6570991776478494 0.649503665356651 0.6299827466202125
9329 0.5834913077518962 0.6355872121373942 0.6495055375200347 0.622861352469775
9339 0.5838336639931325 0.6432158426813809 0.6496685667054726 0.625572691126662
9349 0.5836896489143932 0.6347408645564232 0.6498890840645098 0.6227731991784421
9359 0.5832631516037654 0.633932604559364 0.6494455382313958 0.622213764798175
9369 0.5836723052727558 0.6343042652477136 0.6494054908377243 0.6224606871193978
9379 0.5834106152869987 0.6361719668274967 0.6494039312051721 0.622995504439889
9389 0.5835773855996516 0.6342237091181463 0.6493596853113605 0.6223869266763861
9399 0.5975206812896731 0.6334385524709166 0.649378788990085 0.6267793409168916
9409 0.6310036975257359 0.6399342135522279 0.6497353139754726 0.6402244083511454
9419 0.873827184404096 0.6330598904882013 0.6495072152256725 0.7187980967059899
9429 0.8720834421399628 0.6331995504807367 0.6493262031955206 0.7182030652720734
9439 0.6284248988572908 0.6385736283352312 0.6493117803277174 0.6387701025067466
9449 0.5830880890445357 0.6330218262552813 0.649225857245611 0.621778590848476
9459 0.5974008594284976 0.6341154552452618 0.6492696501631222 0.6269286549456273
9469 0.806581414938494 0.6341147032911957 0.6492960714595625 0.6966640632297506
9479 0.5859060486068892 0.6323688996200225 0.649170348967018 0.6224817657313099
9489 0.5825111824701726 0.6330240134021289 0.6491496027400366 0.621561599537446
9499 0.5830101106222217 0.632858076257766 0.649214362635148 0.6216941831717119
9509 0.5851721187445466 0.632609143058857 0.6492025425593901 0.6223279347875978
9519 0.5825199892975893 0.7650743718464901 0.6491157947068353 0.6655700519503049
9529 0.5826062380345624 0.6596710687685948 0.6491168976783924 0.6304647348271831
9539 0.5827791735881048 0.6402321719694031 0.6491166549517312 0.6240426668364131
9549 0.5833241224727643 0.6330475672402369 0.6491482053523292 0.6218399650217769
9559 0.5826890532150193 0.6407042992590504 0.6490620856504877 0.6241518127081859
9569 0.5829409038133144 0.6332663617965304 0.6491087631402945 0.6217720095833797
9579 0.5827757185145066 0.6317998263770982 0.6490590024485736 0.6212115157800594
9589 0.5827901918741372 0.6324640283644971 0.6491514846031555 0.6214685682805966
9599 0.5838889259622756 0.6322843463189861 0.6489735490139694 0.6217156070984103
9609 0.5870904328664271 0.6330848953217832 0.6489485650811662 0.6230412977564589
9619 0.5824179384715885 0.65189921975413 0.6489474208238589 0.6277548596831926
9629 0.5821610742586857 0.6324776793741531 0.6488938783545094 0.6211775439957826
9639 0.582339626884727 0.6913613431589372 0.6488722462397788 0.6408577387611477
9649 0.582100291636087 0.6329256811873065 0.6488226334400213 0.6212828687544717
9659 0.5892070467117823 0.6789437448675212 0.6487906436717229 0.6389804784170088
9669 0.5823008282025931 0.6314856453784492 0.6487763911302379 0.6208542882370933
9679 0.7976177589585259 0.6327321178765593 0.6487471595039205 0.6930323454463352
9689 0.588056033238071 0.632401479562463 0.6487201098411256 0.6230592075472199
9699 0.5822015738596152 0.6346421423322818 0.6487771594578563 0.6218736252165845
9709 0.5813596706234372 0.7522979291995741 0.6487572946735991 0.6608049648322035
9719 0.5814996668511128 0.9329079532880018 0.6489722594656395 0.7211266265349181
9729 0.5816185126742576 0.6513354299135752 0.6489273897677703 0.6272937774518678
9739 0.5825440188335803 0.632537494058618 0.6486973602834375 0.6212596243918785
9749 0.5818315557164432 0.6306754602385249 0.6486505255432574 0.6203858471660751
9759 0.5813613721866574 0.6307831017845422 0.648654997379981 0.6202664904503935
9769 0.5809891381817074 0.6394980246067391 0.6486411666557182 0.6230427764813883
9779 0.5821694200283638 0.6413636656899826 0.6486281048384124 0.6240537301855863
9789 0.5814794712767261 0.6323049821674075 0.6485659063950178 0.6207834532797171
9799 0.5836798900579633 0.6302889328988004 0.6485450601152749 0.6208379610240128
9809 0.583159734829753 0.6308318529184566 0.6485904336448245 0.6208606737976781
9819 0.5817413073532907 0.6420225230713874 0.6486484496760804 0.6241374267002527
9829 0.5820469714861046 0.6304416941742437 0.648529816901163 0.6203394941871704
9839 0.58153360148954 0.630248350085756 0.6484723993178361 0.620084783631044
9849 0.5825994516453264 0.6342574258214067 0.6484580403438284 0.6217716392701872
9859 0.5819068835260053 0.6301004135315191 0.6484774285842525 0.6201615752139257
9869 0.5990947867475372 0.7449662770540413 0.6484533349877072 0.6641714662630953
9879 0.5854321709499737 0.932018488286104 0.648453536657109 0.721968065297729
9889 0.5810863069172161 0.6314595636446931 0.6484251295316422 0.6203236666978506
9899 0.7822543840363831 0.6304320866140243 0.6484148403157453 0.6870337703220509
9909 0.5838640722214232 0.629616088589855 0.6483623219601342 0.6206141609238042
9919 0.5808228768103791 0.6294750160062763 0.6483395016139377 0.6195457981435311
9929 0.58107622945133 0.6416169758150916 0.6483197830759085 0.62367099611411
9939 0.5807111709948498 0.6324119465029099 0.6483323753221719 0.6204851642733106
9949 0.5828016107776975 0.629432669836242 0.6483133371200577 0.6201825392446657
9959 0.5811607212379947 0.631201530896569 0.6482716189390251 0.6202112903578629
9969 0.5804578253848071 0.6294995964597848 0.6482639975231519 0.6194071397892479
9979 0.5802800889738143 0.6430308788350041 0.6482399204999699 0.6238502961029294
9989 0.5816399250896832 0.6294723173144101 0.6482737997812953 0.6197953473951295
9999 0.5801377711652287 0.6286593077923486 0.6482032563869471 0.6190001117815082
