idx cobyla_1 cobyla_2 cobyla_3 cobyla_mean
0 29.7150119631184 62.08487256417881 27.981668119646795 39.927184215648005
1 39.16169048610418 23.614266511047134 20.4446982697999 27.74021842231707
2 25.755595631877743 31.191293658882593 50.434774891740815 35.793888060833716
3 37.492658431988474 27.574199371976547 49.57275971065394 38.21320583820632
4 33.95199122498452 19.90664779035202 24.76242600827462 26.20702167453705
5 47.17367381159064 36.96124294922171 83.72090863232549 55.951941797712614
6 33.35458210112762 27.557576229554563 35.96512925272323 32.29242919446847
7 22.766803762865724 11.743744058932124 32.9018694779053 22.470805766567718
8 44.16755654346814 41.9574413887058 21.582410264597534 35.90246939892382
9 26.12547842260316 11.619465596266744 17.21295745033482 18.319300489734907
10 27.46419598220534 16.3402493008309 18.785265512696235 20.863236931910826
11 27.208546153704287 19.00490220184249 28.091886529104848 24.76844496155054
12 20.96100443805368 13.978259514015441 15.803005907001 16.914089953023375
13 18.28508563522639 8.546150401402556 33.68109657558952 20.170777537406156
14 26.310742214903527 9.758394069996232 24.71027241719125 20.259802900697
15 14.526128933810886 7.29068749379062 15.315411876553288 12.377409434718265
16 18.590029687333608 6.908413583393887 22.468115575359505 15.988852948695666
17 20.7483680494994 7.642307149270257 15.387379018652872 14.592684739140843
18 12.96988004437274 6.450865381979705 17.12853314633583 12.18309285756276
19 15.273379340815026 5.67097329155264 24.521789678568034 15.1553807703119
29 44.8189068506844 13.940164949504739 22.13843935896469 26.965837053051274
39 14.855070034695853 7.364412386632859 13.532944548376154 11.91747565656829
49 45.915914271444315 29.654606622392013 11.85633732232107 29.142286072052467
59 9.27523549912775 7.530808847665663 16.406345447961066 11.070796598251492
69 10.891490423686712 4.560693787612557 8.472105150458628 7.9747631205859655
79 17.334849885400278 18.547119672345527 12.755918152498735 16.21262923674818
89 5.913629935809652 3.8179649828430597 7.3764565042817845 5.702683807644832
99 5.207339156025583 7.103595971353233 10.580368974707465 7.630434700695427
109 5.969717662615197 3.8233627257465166 10.236266604497978 6.676448997619897
119 4.322849571256887 3.9949878367264895 5.533890087853273 4.6172424986122165
129 5.577766487134495 5.022433435360818 6.942474884410395 5.8475582689685695
139 5.206581841108179 3.5493122088903633 5.128299102344948 4.628064384114496
149 3.070930867231829 6.18134655577105 9.28966870762684 6.180648710209906
159 3.9802384970462006 2.0775564002053257 6.116940849897417 4.058245249049648
169 9.417421929050823 1.73505173052166 5.017452423661713 5.389975361078065
179 2.592734518096025 1.735051730521715 4.8139979168295035 3.0472613884824145
189 3.684335297834707 4.684686572854275 5.688912043783112 4.685977971490698
199 3.081699764240105 5.0354408553661685 16.19480754236921 8.103982720658495
209 4.190091967086388 2.3834086077664 7.327945046491347 4.633815207114711
219 7.813614382215831 2.1463618778214664 5.067194158379408 5.009056806138902
229 4.54539156608937 6.334129692874084 6.892689696710904 5.924070318558119
239 13.217361239040763 6.999058074475743 6.936649667865904 9.051022993794136
249 3.0953124658016034 4.222356141869235 6.673656633745484 4.663775080472107
259 2.264751254056804 1.8307234723317096 7.489377559514014 3.861617428634176
269 2.2589940871864584 2.3261839412261374 4.022814843402651 2.869330957271749
279 1.928187496606891 3.140910290997901 6.50993057566856 3.8596761210911175
289 1.542099149642063 1.2632227226595665 3.511074253931756 2.1054653754111285
299 1.34561732238738 1.1482242739327753 4.230433956344977 2.2414251842217108
309 1.6245218507373034 1.0350160631967964 6.192994382618045 2.9508440988507147
319 1.6140815917622109 1.0625110689076394 9.402180111852337 4.026257590840729
329 1.2820855448345454 1.022241510765213 4.300307421599289 2.201544825733016
339 1.241962029303328 1.0937198780745427 5.294489839627142 2.5433905823350043
349 1.1762698395193454 0.9347431106031208 1.6085648303842035 1.2398592601688898
359 1.461068987364367 0.9638981303186512 1.7090343523046798 1.3780004899958993
369 1.329074259116645 0.9458756888259634 1.3091017134577112 1.1946838871334398
379 1.2013926994227715 0.720510927051325 2.330658813620051 1.4175208133647157
389 1.125883009243097 0.6891404967333424 1.49195589151419 1.1023264658302099
399 1.1424236476849816 0.7401720228078732 1.378922063189979 1.087172577894278
409 1.0840215363429009 0.6750931198315953 1.5028413016671829 1.0873186526138932
419 1.3688086762659961 0.6798466837194773 1.7050939173144048 1.2512497590999594
429 0.9573680438471177 0.7885272147018382 1.5106268850845639 1.0855073812111733
439 1.2324330550651033 0.874361823551634 1.2269500546126477 1.1112483110764617
449 1.2642103711936807 0.7211483205598358 1.228782289320758 1.0713803270247582
459 1.0930590425578603 1.0566678237815177 1.068421615860201 1.072716160733193
469 1.113632126102176 0.6709424697485525 0.9366959563266242 0.9070901840591175
479 1.0203290315048763 0.7034626754489761 1.019926411924743 0.9145727062928651
489 0.9894305322701885 0.708040805011122 1.0098832273749794 0.9024515215520967
499 1.0229985726252766 0.6158550951994143 1.0034503678957585 0.8807680119068163
509 1.3536596219516703 0.6165239291701322 1.1451529813132078 1.03844551081167
519 1.048138194582921 0.5556324160731663 1.0099662425146685 0.8712456177235852
529 1.0084584268450814 0.5177795224934449 0.8268644271581281 0.7843674588322181
539 0.8884584567439772 0.5376893997941212 0.8459108734058304 0.7573529099813096
549 0.8584386418761318 0.49238033220446387 0.8539906853697434 0.734936553150113
559 0.8471214283212023 0.4795794988144313 1.2162911215738006 0.847664016236478
569 0.8453648043039917 0.46487092866118435 1.026452980402083 0.7788962377890863
579 0.8260732039648357 0.4538104764211825 0.9741492705851005 0.751344316990373
589 0.8343579962397133 0.4482342144086187 0.9434358456708567 0.7420093521063963
599 0.8238037356083571 0.4522890427090265 2.417506980899698 1.231199919739027
609 0.8243535455334335 0.47052944458224977 0.7676172879508371 0.6875000926888402
619 0.8281607051358405 0.44164746420446965 0.7109303489795532 0.6602461727732877
629 0.8027654381364249 0.4517658115646994 0.7472532867052291 0.6672615121354512
639 0.8007502334960014 0.42815575803499506 0.6761760999068056 0.6350273638126007
649 0.8059563767779918 0.3954678919616783 0.6647945795882737 0.6220729494426479
659 0.8009074768102439 0.39922422935641944 0.6564600111026927 0.6188639057564519
669 0.8065933021998785 0.38300676496877867 0.5898198935367749 0.5931399869018107
679 0.7966189750270738 0.38748372169178613 0.6022878953135092 0.5954635306774564
689 0.7924676747839163 0.38976615211301063 0.5956099515117488 0.592614592802892
699 0.7835886269660809 0.3836132470458905 0.5549527276480555 0.5740515338866756
709 0.7802533178324224 0.39745197846351576 0.5403633581430412 0.5726895514796597
719 0.7765261347883256 0.3826178170533296 0.4909368334809251 0.5500269284408601
729 0.7770006932297138 0.3870094047896833 0.49754850448454335 0.5538528675013135
739 0.7710903637816154 0.3757947064143943 0.4840802103951958 0.5436550935304018
749 0.7642414517485095 0.384254375750807 0.4847756442558019 0.5444238239183729
759 0.7504487576361831 0.3777511013369682 0.48582850582467013 0.5380094549326071
769 0.7480727693022267 0.37862048923317 0.4795101465755294 0.5354011350369753
779 0.7430570805946117 0.3575979710336246 0.4408817477694118 0.5138455997992161
789 0.7396483188537839 0.36557153644670315 0.42956380181453874 0.5115945523716753
799 0.7339688615552142 0.35732706465630504 0.4352106815610329 0.508835535924184
809 0.7265461840439804 0.35451934757587117 0.42021149111760037 0.5004256742458173
819 0.7244602398916898 0.3543494112321566 0.4105817444604041 0.49646379852808353
829 0.7211565037540727 0.3607188929258532 0.40009848825417726 0.49399129497803446
839 0.7161503740146662 0.34711171558900544 0.4067897393980461 0.4900172763339059
849 0.7159856963043856 0.3537530124822253 0.3837298624790277 0.48448952375521287
859 0.7121368941602298 0.3339986537355904 0.37817777103371525 0.4747711063098452
869 0.712619681040294 0.3301917057487257 0.4051261405056437 0.4826458424315545
879 0.7222744359215187 0.32002855243727935 0.38448558462869464 0.4755961909958309
889 0.7045627678597829 0.32373263618460657 0.40039012622599157 0.47622851009012707
899 0.7010868667835296 0.3294152822858743 0.3790546090772902 0.4698522527155647
909 0.705719112087656 0.3217827100106828 0.4009138042540053 0.476138542117448
919 0.6945263482536488 0.3261663910238657 0.3720944008441757 0.4642623800405634
929 0.6967428683790624 0.32467938400872154 0.37326871406892936 0.46489698881890434
939 0.6960103508352319 0.3110093693720043 0.3842815368258444 0.4637670856776935
949 0.6944046701208688 0.3332988063680524 0.317965969801488 0.4485564820968031
959 0.6901152566502758 0.3100225802553399 0.29910234365793414 0.43308006018784995
969 0.6839665679468863 0.3106926025359145 0.2893786647444195 0.42801261174240673
979 0.6825147801287169 0.2990866772517067 0.29065160628069775 0.42408435455370713
989 0.682720777733498 0.299245356893647 0.29258365809464243 0.4248499309072625
999 0.667303831551941 0.29972092318253174 0.2964039176997104 0.4211428908113944
1009 0.6655248995921079 0.29500032829350775 0.2820061023832699 0.41417711008962854
1019 0.6694207544902163 0.2888203806627323 0.28769459295363126 0.41531190936886
1029 0.6644891765565129 0.2739382651400718 0.2869419128489881 0.40845645151519094
1039 0.6652340505747003 0.2718845084843707 0.2685273345158082 0.40188196452495967
1049 0.6670273017360816 0.26752071735844296 0.2781214559653945 0.4042231583533063
1059 0.6666650086409798 0.258976645442379 0.2997726600533026 0.4084714380455538
1069 0.6648992575140285 0.2577954945461665 0.3169235194880253 0.41320609051607343
1079 0.664104590489137 0.25583840153475185 0.26272288495579177 0.3942219589932268
1089 0.657863718328528 0.25098303955128776 0.26101127838528854 0.38995267875503475
1099 0.6559623105058565 0.24155299911703285 0.2692724909996424 0.3889292668741773
1109 0.6843541459250667 0.23445832120480536 0.2637262918877604 0.3941795863392108
1119 0.6516310293922195 0.23451121717382356 0.25787815858317703 0.38134013504974007
1129 0.6492782706114515 0.2311887694115786 0.25784479407092814 0.3794372780313194
1139 0.6493117631244935 0.2298313909109096 0.25843312430776655 0.37919209278105653
1149 0.648376054308013 0.2317577143462289 0.22990748434637234 0.3700137510002048
1159 0.648474557048889 0.22962202456074268 0.30977668535930897 0.3959577556563136
1169 0.6465524017579207 0.2206917657023704 0.23629417234060046 0.36784611326696387
1179 0.6424685446022257 0.22052968735201653 0.22694517554351665 0.3633144691659196
1189 0.607131663368689 0.22438296908045835 0.22568180883223413 0.3523988137604605
1199 0.599210452374081 0.21963331540054024 0.22326555045446578 0.347369772743029
1209 0.5900571307624201 0.2194620159587727 0.2235885579044846 0.3443692348752258
1219 0.5865400186088058 0.21155341602550845 0.21944137093421875 0.33917826852284433
1229 0.5767079856428253 0.208183933142418 0.2786167392119086 0.35450288599905067
1239 0.5686380501198184 0.20545173271023226 0.23039887281502297 0.3348295518816912
1249 0.5618607086757279 0.20243511337553807 0.25637420799501853 0.34022334334876153
1259 0.5632752033571964 0.1987320443118992 0.21014904133687978 0.3240520963353251
1269 0.5578628559366227 0.19697093308399638 0.20876762810091568 0.3212004723738449
1279 0.5636882709870951 0.18731757856279524 0.2080191304106611 0.31967499332018384
1289 0.5536296750623546 0.18809190109881577 0.20670529004199625 0.3161422887343889
1299 0.5463636925764664 0.18553785968673697 0.2035107249282656 0.31180409239715634
1309 0.5454035920019525 0.1958756845974863 0.1964607237802998 0.31258000012657955
1319 0.5448164546048316 0.1800669367145621 0.1956050458165914 0.30682947904532837
1329 0.5412857362684746 0.1736691291605171 0.19236422530422861 0.3024396969110735
1339 0.5402959619422495 0.17646140180148262 0.18827693788290353 0.3016781005422119
1349 0.5367847217583266 0.17298037970207217 0.1888798182573607 0.29954830657258646
1359 0.5383966794343168 0.17182519996898202 0.18717069506531123 0.2991308581562034
1369 0.5290134450964588 0.17561228666163659 0.18536693367877366 0.29666422181228963
1379 0.5288850251294986 0.16561411153125327 0.18177573857474982 0.29209162507850056
1389 0.5252285615139901 0.15806868466671462 0.18252476631503695 0.28860733749858053
1399 0.521809453406535 0.1559843831762182 0.18270531299613654 0.28683304985962993
1409 0.522123257452815 0.16591380484780568 0.18169955808289578 0.28991220679450547
1419 0.5188120496047315 0.15534888650785114 0.17928262366173275 0.28448118659143845
1429 0.5183327537105068 0.15030047895253634 0.17843301954376636 0.2823554174022698
1439 0.5180755838315387 0.15318677985097837 0.17898265091212084 0.2834150048648793
1449 0.5186702281801514 0.15452489563086444 0.17554878202595228 0.28291463527898936
1459 0.512939339650223 0.15168289535005147 0.17418443491365612 0.2796022233046435
1469 0.4972068253077358 0.1542847331553957 0.17390904244384084 0.27513353363565746
1479 0.49668404424037693 0.1448592283438065 0.17470713487280634 0.2720834691523299
1489 0.4933857045418506 0.1476839444647822 0.16777601118615978 0.2696152200642642
1499 0.48273813137409055 0.14607541498740945 0.16641856710921318 0.2650773711569044
1509 0.47833822309905905 0.14883576332421475 0.1669407530225694 0.2647049131486144
1519 0.47670766336328185 0.14586022967380513 0.16570248430824444 0.2627567924484438
1529 0.47238198002256154 0.1503989145365178 0.16092477387432153 0.26123522281113365
1539 0.4693713810121314 0.1422944652954845 0.1602600626173942 0.2573086363083367
1549 0.4704962712890926 0.14140271988490655 0.16113657535605194 0.2576785221766837
1559 0.4652444918048654 0.13969887070148418 0.1608123669205929 0.2552519098089808
1569 0.4661829728261238 0.14024275705696462 0.16165250018084218 0.2560260766879769
1579 0.46247911510999934 0.13941746380707312 0.161534652423216 0.2544770771134295
1589 0.46239632536004643 0.1390006090009149 0.15866441133455003 0.25335378189850377
1599 0.454395987313095 0.13858343383345412 0.16015082102007458 0.25104341405554126
1609 0.4552730598027509 0.13749084361877367 0.15966403545022556 0.25080931295725006
1619 0.45401503384741015 0.13624192981968117 0.15364276356068682 0.24796657574259273
1629 0.45062160094010556 0.13749919248635975 0.15219175879853708 0.24677085074166746
1639 0.45038370875585376 0.1374004600951743 0.15023824937918717 0.24600747274340506
1649 0.4465444349819764 0.13698728769145793 0.15336900413238178 0.2456335756019387
1659 0.43762560690213886 0.13593316995859678 0.1500581448003949 0.2412056405537102
1669 0.43268742683197947 0.1339356444287454 0.14934294477314622 0.23865533867795705
1679 0.43372479380283013 0.13293363297416105 0.1502435965816319 0.23896734111954102
1689 0.4320988606309169 0.1300061188758024 0.14965322968148229 0.23725273639606723
1699 0.4290468844331447 0.12692291008950005 0.15001800091545134 0.23532926514603203
1709 0.4268101765990475 0.12657614413519083 0.14999497591354463 0.23446043221592763
1719 0.42532861805660516 0.12861770213165735 0.14919654958990697 0.23438095659272315
1729 0.42096400829656677 0.12613815869965117 0.14874303633056718 0.23194840110892836
1739 0.4212974430785879 0.12565277277004394 0.14884342962940544 0.23193121515934578
1749 0.41916246319414796 0.1252862948120945 0.143015554685833 0.22915477089735847
1759 0.4184632417087363 0.1237854922732989 0.14079463794649932 0.22768112397617815
1769 0.414969648172935 0.12202226604473765 0.1410962757442758 0.2260293966539828
1779 0.41485087333092024 0.12165925107804708 0.13920089149039944 0.22523700529978888
1789 0.4111444234705378 0.11939909018895584 0.13845041031486197 0.22299797465811852
1799 0.4037376907718902 0.11841031241886388 0.13866976945856427 0.2202725908831061
1809 0.4003460440399219 0.11908560817376626 0.13788809191073 0.21910658137480607
1819 0.4005133116415579 0.11878079734931911 0.1370836066232108 0.2187925718713626
1829 0.3967044720819761 0.11771767849061834 0.1362390593591465 0.21688706997724697
1839 0.39604429122831836 0.11825741235758312 0.14198466779723573 0.21876212379437907
1849 0.39455826020000445 0.11778992177252942 0.13314855036787304 0.2151655774468023
1859 0.39411399835091204 0.11985649248549636 0.12885610492555946 0.21427553192065596
1869 0.395592609146223 0.11696043411890485 0.12731970187660774 0.2132909150472452
1879 0.3929876719253075 0.11688193587602876 0.1251755420076312 0.21168171660298918
1889 0.39085232538814413 0.11658530571867676 0.12514106381958537 0.21085956497546876
1899 0.386539582773171 0.11611048263663017 0.12183145679148091 0.20816050740042735
1909 0.38630699352995074 0.11520521816485974 0.12221688666819178 0.2079096994543341
1919 0.3848734048901793 0.11422180089323572 0.12057320924882337 0.2065561383440795
1929 0.3808268189290861 0.1137976651268331 0.12479275923087405 0.20647241442893108
1939 0.37915578032704783 0.11475364237553534 0.12142836330382112 0.2051125953354681
1949 0.37506368051080596 0.11329288407829521 0.1190000890447298 0.20245221787794365
1959 0.3756137604202896 0.11711075930672729 0.1165194638611283 0.20308132786271507
1969 0.376911755489973 0.11273171597791487 0.11629497187227897 0.20197948111338895
1979 0.3728004732583702 0.11273490178481538 0.1142304784723417 0.19992195117184242
1989 0.37847607629552016 0.11290468874574841 0.11213302048507154 0.2011712618421134
1999 0.36862949999598754 0.11172840789108768 0.11179910315778599 0.19738567034828705
2009 0.3629300387957536 0.10967740633750375 0.11143548981270296 0.19468097831532014
2019 0.36179845562552754 0.10881051525156324 0.11386263693566671 0.19482386927091913
2029 0.3621070257078383 0.10722047324424062 0.11006092778381665 0.19312947557863183
2039 0.3578535521580963 0.10734883193191161 0.11277185981522439 0.1926580813017441
2049 0.3462877638428079 0.10494611168083619 0.1081351843115578 0.18645635327840063
2059 0.3454026017179292 0.1055747611980275 0.10866710672308855 0.1865481565463484
2069 0.3436166899344106 0.10418070182885286 0.10917024297288695 0.18565587824538346
2079 0.34337992722323585 0.10328222209293111 0.11086055646139646 0.18584090192585448
2089 0.342927615497079 0.10380023545863358 0.10616168268184213 0.18429651121251825
2099 0.33852429291109776 0.1028583594535392 0.10624999651123725 0.18254421629195808
2109 0.33222533489379436 0.10300170864089735 0.10721766459762884 0.18081490271077352
2119 0.33230986375787486 0.10410185971732337 0.10770956632306579 0.181373763266088
2129 0.3302669255152786 0.09971645850259278 0.10577138349225737 0.17858492250337624
2139 0.3216771071056378 0.09961717796674589 0.10653141688389287 0.17594190065209217
2149 0.31346419671489356 0.09968416786987186 0.10340467167610375 0.17218434542028974
2159 0.31230602010851455 0.09985963167503312 0.10612268899667925 0.17276278026007563
2169 0.31094703624276665 0.09830948533092167 0.10401140904112079 0.17108931020493637
2179 0.30372059799366724 0.09848393947484291 0.10413123067173362 0.16877858938008125
2189 0.30493769844661966 0.09838196439309414 0.101222568131417 0.1681807436570436
2199 0.29719227101185863 0.09827834071700861 0.10660487030283726 0.16735849401056815
2209 0.2867092449545453 0.09850830195353258 0.10105343345411133 0.1620903267873964
2219 0.3103560328711163 0.0972537262687567 0.0998067699437807 0.16913884302788454
2229 0.28537315573701383 0.09722070080940236 0.09887404836805586 0.16048930163815736
2239 0.2932526292157733 0.0970163080571621 0.09923875097644777 0.16316922941646106
2249 0.28143167041805 0.09647128734685086 0.09953562831374715 0.15914619535954933
2259 0.2797013551504943 0.09615620022412484 0.09805649263123946 0.1579713493352862
2269 0.27798386285257387 0.09511043658882792 0.09781885883376544 0.1569710527583891
2279 0.27734057104746446 0.09535406987075706 0.09713045554094608 0.1566083654863892
2289 0.26326466376232804 0.09475255515714764 0.09729204960144516 0.15176975617364027
2299 0.2659491490651437 0.09393099874048737 0.09736234291774981 0.1524141635744603
2309 0.2654670224152032 0.09419798544310666 0.09654681545667375 0.1520706077716612
2319 0.2569208320211603 0.09339415128322089 0.096031610236371 0.14878219784691737
2329 0.2547457972904444 0.09204669821249423 0.09854041016572412 0.14844430188955424
2339 0.2561532687187811 0.09229470401606353 0.09642823051613807 0.14829206775032758
2349 0.25963746486558437 0.09191086669379396 0.09537221661870407 0.1489735160593608
2359 0.24465596350725785 0.09212123209060465 0.09482421162894233 0.14386713574226828
2369 0.23649048508072193 0.09185378142004777 0.09509699658382077 0.14114708769486348
2379 0.23547665467539985 0.0915402454527306 0.09513632463019994 0.14071774158611014
2389 0.23799073130857962 0.09073829130111956 0.09480802352186406 0.14117901537718774
2399 0.23676173629033742 0.09044933393416793 0.0945703415081285 0.14059380391087795
2409 0.23525766614781682 0.09071373920311908 0.0938050618464676 0.13992548906580116
2419 0.23580745862721836 0.08991418191572662 0.09322484465775277 0.13964882840023257
2429 0.2363935487637144 0.08899906705323925 0.09277602680630476 0.13938954754108615
2439 0.24000545563916256 0.08919685768508853 0.0966533029720563 0.14195187209876914
2449 0.22283822170597645 0.08894716493166642 0.09208843561410103 0.13462460741724797
2459 0.22460672276043692 0.08847437127096441 0.09225074245841389 0.13511061216327172
2469 0.21901794361718657 0.08857152540940168 0.09191136020429007 0.13316694307695945
2479 0.2136360943659755 0.08744777749388108 0.09172449081408461 0.13093612089131373
2489 0.21407501166661597 0.08715196094040631 0.09096108291335339 0.1307293518401252
2499 0.21809241259227052 0.08664496274678887 0.09062837026308083 0.1317885818673801
2509 0.2116959944808993 0.08662226086551167 0.08987221139452639 0.12939682224697913
2519 0.21048043108040138 0.08681518689923477 0.09064843283867015 0.1293146836061021
2529 0.2109652917031311 0.08603476420341512 0.08951397773376013 0.12883801121343544
2539 0.2128684642458685 0.08735087464428187 0.08914717713396948 0.1297888386747066
2549 0.201480097284391 0.0860450177944911 0.09047136855442174 0.12599882787776795
2559 0.20046207657995616 0.08639263087142879 0.08814871135127614 0.12500113960088702
2569 0.2060564368376671 0.0867070949960945 0.08859563098068995 0.12711972093815052
2579 0.19996322114437742 0.08569800501827571 0.08832341027080705 0.12466154547782005
2589 0.19471177839488102 0.08402910749251073 0.08812272130654353 0.1222878690646451
2599 0.1942897960437775 0.08442766672634491 0.08738359566455763 0.12203368614489335
2609 0.20083856375301232 0.08413956106941398 0.08848348128293257 0.1244872020351196
2619 0.19345184061406157 0.08431596930107174 0.08480337348699898 0.12085706113404408
2629 0.19542546180939457 0.08435491510243881 0.08418841379221761 0.12132293023468366
2639 0.19717432162885448 0.08435824382414704 0.08468000798425909 0.12207085781242022
2649 0.1901400087703012 0.08357191876994373 0.08332433902806251 0.11901208885610248
2659 0.19242423519308466 0.08452020541483798 0.08395621365499742 0.12030021808764002
2669 0.19123180756964503 0.08376753119916867 0.08530628291071092 0.12010187389317488
2679 0.18623842482752115 0.08260763497255474 0.082696927278777 0.11718099569295097
2689 0.18634790241695792 0.0822088923849302 0.0833101518948006 0.11728898223222957
2699 0.17960048396091735 0.08161343592562972 0.08224897390265157 0.11448763126306621
2709 0.1783143214207972 0.08196497746008424 0.08177353020048175 0.11401760969378771
2719 0.17987062777933227 0.08116555764578531 0.0823140797672839 0.11445008839746716
2729 0.18655372451373414 0.08047052346893134 0.07803564840460746 0.11501996546242432
2739 0.17376184511530107 0.07929699597198554 0.07686334163209885 0.10997406090646182
2749 0.17527441807607266 0.07928462632592535 0.07607104283515148 0.11021002907904982
2759 0.17330288707785055 0.07944682279269723 0.0756396130415371 0.10946310763736163
2769 0.17731965042305736 0.07850572849762064 0.07485868716038191 0.11022802202701998
2779 0.16982392868398793 0.07898404302339827 0.0738554330009462 0.10755446823611081
2789 0.16516481785385914 0.07813813115280076 0.07108367349200645 0.10479554083288878
2799 0.1632894532374076 0.07834155433058142 0.07185080163791067 0.10449393640196657
2809 0.1574218046804389 0.07780764148768986 0.07052440571849507 0.1019179506288746
2819 0.17092534766040943 0.07714531087898728 0.06890164250096156 0.10565743368011941
2829 0.15810709293693676 0.07606339678991982 0.07050592820100203 0.10155880597595286
2839 0.1571705894632653 0.07586702192030245 0.06829209512095655 0.10044323550150809
2849 0.1521279586243895 0.07550424162871226 0.06833302569125307 0.09865507531478494
2859 0.15462571874263692 0.07674220349319658 0.06745349350223233 0.09960713857935527
2869 0.15413101870166995 0.07482989262385839 0.06777491723002182 0.09891194285185005
2879 0.1499324971796574 0.0745397247682844 0.07139839175742868 0.09862353790179017
2889 0.14883708967400675 0.0738631443850635 0.07288272223174251 0.09852765209693759
2899 0.15009423822359533 0.07383354131859168 0.06586559624611654 0.09659779192943452
2909 0.15253370266193447 0.07323053842053119 0.06459264621047686 0.0967856290976475
2919 0.13882572656833728 0.07288093360131183 0.0652311607216403 0.09231260696376314
2929 0.13743327451623552 0.07206858357846183 0.06518749477400819 0.09156311762290185
2939 0.13969592249246937 0.07201995416032225 0.06540454073267854 0.09237347246182338
2949 0.13395874441384092 0.07109308383742288 0.0650906972946821 0.0900475085153153
2959 0.1350206450358695 0.07115654184900028 0.06500287402409155 0.09039335363632044
2969 0.1326923387784785 0.07145994541000518 0.06695625748589573 0.09036951389145981
2979 0.13328768805664262 0.07195891603120379 0.06376351489305013 0.08967003966029885
2989 0.13118607123074652 0.0709303839954912 0.06348519937058937 0.08853388486560904
2999 0.13760089347448468 0.07180927707662374 0.06294987439577114 0.09078668164895985
3009 0.13376254153742623 0.0701262221711976 0.06285206857085779 0.08891361075982722
3019 0.13811917732173365 0.07015321687461835 0.06391824340636254 0.09073021253423819
3029 0.13365701876011268 0.06980119394637842 0.0628527370479281 0.0887703165848064
3039 0.13066516014400067 0.06976262745743014 0.06250400910106037 0.08764393223416372
3049 0.12978656362593374 0.06962592549563376 0.06201609501522438 0.08714286137893063
3059 0.12965492966761952 0.06927040255653817 0.06461463808049163 0.08784665676821644
3069 0.1295457454943231 0.06914882577506759 0.06303359606857764 0.08724272244598945
3079 0.1292071585907533 0.06963134414058124 0.0627422051699007 0.08719356930041174
3089 0.12545673449935155 0.06978128366091467 0.06237981554666693 0.08587261123564438
3099 0.12587019458671342 0.06981132650008291 0.06322469981147501 0.0863020736327571
3109 0.12537456445005946 0.0691755126853727 0.06274992418481376 0.08576666710674863
3119 0.12497694647889782 0.06907606233176365 0.06108641675678672 0.08504647518914939
3129 0.12412503827195988 0.0688612227014967 0.06106182335760099 0.08468269477701917
3139 0.12412275243048806 0.06802550233761212 0.06182425839817367 0.08465750438875795
3149 0.1241132281966864 0.07049100881294579 0.06334222100201968 0.08598215267055064
3159 0.12427681348152572 0.06829877331064431 0.06108173155732699 0.08455243944983233
3169 0.12385086056160496 0.06827017142466299 0.06084029332429602 0.08432044177018799
3179 0.12377161976039469 0.0673906501681779 0.06071867500382283 0.08396031497746514
3189 0.12137943235381761 0.06729064249933712 0.060729253345183684 0.08313310939944614
3199 0.12063872775969921 0.06813110449636554 0.06070687504849472 0.08315890243485316
3209 0.12059381641399285 0.0666054934418545 0.06121217724261376 0.08280382903282037
3219 0.12034236636253919 0.06665784117919599 0.06001404903358682 0.08233808552510734
3229 0.12091963054944808 0.06682913848826394 0.05909908549191553 0.08228261817654252
3239 0.12075177477118466 0.06772732490238678 0.05893758966446476 0.08247222977934542
3249 0.11966762658173234 0.06717291721428417 0.05891442143658567 0.08191832174420073
3259 0.11993851041835221 0.06503133878909369 0.058762660111859474 0.0812441697731018
3269 0.11049537937638126 0.06572280304453867 0.058774438533644245 0.0783308736515214
3279 0.11112899980810408 0.06447975171111289 0.05848533344372191 0.07803136165431296
3289 0.1124998902417697 0.06556596869277716 0.05799875093600241 0.07868820329018308
3299 0.10892727923463699 0.06465886309537103 0.057693279492880514 0.0770931406076295
3309 0.10782825004239845 0.0643072943649379 0.057811837403192255 0.07664912727017621
3319 0.10754435155978839 0.06411647413984457 0.056511239651720356 0.07605735511711778
3329 0.10667561300461385 0.06564801751820291 0.056420924669885596 0.07624818506423413
3339 0.10559441600378251 0.0641061016586167 0.056294593551731734 0.07533170373804365
3349 0.11753991436795229 0.06421107030233618 0.056169394595409 0.07930679308856582
3359 0.10667142499236373 0.06420224889768088 0.05602699462737242 0.07563355617247235
3369 0.10360026280601146 0.06506677706092141 0.0556528001650779 0.07477328001067025
3379 0.10332807027473664 0.06400297571908628 0.05487732909372766 0.07406945836251687
3389 0.10086679752637598 0.06658666752156722 0.05456392170793143 0.07400579558529154
3399 0.10010875445655902 0.06301430667664422 0.05411668372532356 0.0724132482861756
3409 0.1002219671201816 0.06298479085252917 0.053227037123235614 0.07214459836531546
3419 0.09972782121718998 0.06288121005867628 0.05226810393049969 0.07162571173545532
3429 0.0978817483642814 0.0626950696052647 0.05116099791576081 0.07057927196176897
3439 0.09818268868694513 0.06269342580499239 0.05051988457339004 0.07046533302177585
3449 0.09562940062303027 0.06264222225267556 0.050373247958631795 0.06954829027811255
3459 0.09405743880957934 0.06261600536113072 0.05029009957511763 0.06898784791527589
3469 0.09444858695807319 0.06248509982158517 0.05031290855795902 0.06908219844587246
3479 0.0942164779336211 0.06251594777903452 0.04990110543545266 0.0688778437160361
3489 0.09177864504238663 0.0625010775076899 0.04988023892382774 0.06805332049130143
3499 0.09228587361172606 0.062414945026084016 0.04977805101917746 0.06815962321899584
3509 0.09113897925340503 0.062321711288646685 0.049514553672306116 0.06765841473811927
3519 0.09118130016186747 0.06226177692140186 0.04919489950016534 0.06754599219447822
3529 0.09033338673383048 0.06235021820398498 0.04914081123649865 0.06727480539143804
3539 0.0900764184891308 0.0621415364754097 0.048932638440022935 0.06705019780152115
3549 0.08847387081622485 0.06208779405075275 0.048807650832740856 0.06645643856657281
3559 0.08909785555737601 0.06197641086114897 0.04876222629170218 0.06661216423674239
3569 0.08834953698625886 0.06184039795808427 0.04849359197099708 0.0662278423051134
3579 0.08746772248328555 0.06196117830614409 0.048120347345091755 0.0658497493781738
3589 0.08737673846618 0.061748201284410845 0.04800701173599344 0.0657106504955281
3599 0.08626582659666389 0.06145411317059362 0.048062864350472134 0.06526093470590988
3609 0.08634140606843378 0.06149378718283805 0.04797745865490582 0.06527088396872589
3619 0.08484346063529907 0.06138458906470385 0.04790410883675501 0.06471071951225264
3629 0.08409392393014083 0.061259969424278214 0.04794904405605413 0.06443431247015773
3639 0.08500204678101043 0.0611149537748478 0.04789356456742046 0.06467018837442623
3649 0.0846479083432976 0.060925313353022835 0.047829624857853976 0.06446761551805814
3659 0.08227480479109524 0.0608342170535208 0.04772231778588251 0.06361044654349952
3669 0.08244288600273823 0.060791115553925 0.047655492613080726 0.06362983138991465
3679 0.08311237130217751 0.06076649436447433 0.04768003226097954 0.06385296597587713
3689 0.08141431426583633 0.060746786648819134 0.04766048233988866 0.06327386108484805
3699 0.08230997664420064 0.060337371673173296 0.04750862394229583 0.06338532408655659
3709 0.08174365055159732 0.06016933084282785 0.04751783522982782 0.06314360554141767
3719 0.08193741288810479 0.060123901963760884 0.047427529155037736 0.06316294800230114
3729 0.08039181311945667 0.060325451889031455 0.04679260776764716 0.06250329092537843
3739 0.08120474016428199 0.060190907275325056 0.04638196299437437 0.06259253681132713
3749 0.0791019850054791 0.05990593349175615 0.04627658247655963 0.0617615003245983
3759 0.08033783646331676 0.059591366944003694 0.04599899224827882 0.061976065218533084
3769 0.07994666963161418 0.05996413851663249 0.04566886990628228 0.06185989268484298
3779 0.0784086027737506 0.05964532536509581 0.045453748576683294 0.06116922557184323
3789 0.07851996697375313 0.05962429202473244 0.04558234974756482 0.061242202915350125
3799 0.07906354851046618 0.05934737910105281 0.04544741844063085 0.06128611535071662
3809 0.07865251944935304 0.05908699014343673 0.04533581363904114 0.06102510774394363
3819 0.07747700940973778 0.059144529738171116 0.04526527719803786 0.06062893878198225
3829 0.07793388253178112 0.059186452328929356 0.04500671732582872 0.060709017395513064
3839 0.07720611253541165 0.058529670459653925 0.045236507835418376 0.06032409694349466
3849 0.0791308597110664 0.05842175524555413 0.04486166387772758 0.06080475961144937
3859 0.07679421407643108 0.05823767105970474 0.04431393357515098 0.05978193957042893
3869 0.07582697579227618 0.058479899147854515 0.0442907115996111 0.05953252884658059
3879 0.0761105446021404 0.058127821618208654 0.04429719118041243 0.059511852466920485
3889 0.07659470591297264 0.05770746103564487 0.044255466689431436 0.05951921121268298
3899 0.07566163605071519 0.05776761704297928 0.04416314340719852 0.05919746550029766
3909 0.07492454998505783 0.057652532257336 0.044063747432365026 0.05888027655825295
3919 0.07626839463331359 0.0574825428739847 0.044167844016561285 0.059306260507953186
3929 0.07442069792062568 0.05756056542244042 0.04350911886198048 0.05849679406834885
3939 0.07655931117936544 0.05710883426388085 0.04368821466712008 0.05911878670345546
3949 0.07490134266617428 0.05701591287764827 0.04336498430295296 0.058427413282258506
3959 0.07468816650476925 0.05702501682721432 0.04332761612642696 0.05834693315280351
3969 0.07441281952600026 0.05694820783374788 0.04332584929927615 0.058228958886341435
3979 0.07465067566372975 0.05691733846397926 0.04325010225901277 0.058272705462240594
3989 0.07326175681563724 0.056710453864950654 0.043219751131084935 0.057730653937224284
3999 0.07280571299882806 0.05669072174773332 0.043041152713499516 0.05751252915335362
4009 0.07277286127593499 0.05666686312051935 0.042940759433390485 0.05746016127661494
4019 0.07241388164311416 0.05679053675710924 0.04298776893265281 0.057397395777625405
4029 0.07187770578502371 0.05616688579783071 0.04256204725045632 0.056868879611103575
4039 0.0710725989344776 0.05608394118452221 0.04252380534160707 0.05656011515353562
4049 0.07138282159932723 0.05601138609993691 0.04245774573618035 0.05661731781181483
4059 0.07119620393884998 0.055764086542149136 0.0424237322002627 0.05646134089375393
4069 0.06900942007649899 0.05577477722378787 0.0424126212984083 0.055732272866231725
4079 0.06909043220397025 0.05564039633784265 0.042410660479445264 0.05571382967375272
4089 0.0696002366526618 0.05520208153500479 0.0423228550715126 0.05570839108639306
4099 0.07012100220691453 0.05504715945943192 0.042370994819996656 0.0558463854954477
4109 0.06885492663056192 0.055053014114221054 0.042346121977539904 0.05541802090744096
4119 0.06848306831623625 0.05471367132498416 0.0421461217837859 0.05511428714166877
4129 0.06784747646040522 0.05481901681819952 0.04155560855369858 0.05474070061076777
4139 0.06771586775733675 0.054526257458374916 0.04162971943273109 0.054623948216147585
4149 0.06781709724668279 0.0547726158292035 0.0410466747669307 0.05454546261427232
4159 0.0677473845309301 0.054742159093379476 0.04090633131491108 0.05446529164640689
4169 0.0678183193816085 0.05445183744663407 0.040740948699234524 0.0543370351758257
4179 0.06771315923616629 0.05435929625346521 0.040908806280305826 0.05432708725664578
4189 0.06785233572873328 0.05415686488094928 0.04067216508763514 0.0542271218991059
4199 0.06650545368265894 0.05442416801640352 0.040558774135476414 0.05382946527817963
4209 0.06765129841352598 0.053940677787014 0.04049329918439668 0.05402842512831222
4219 0.06578772491526635 0.053925910703932586 0.040949019571990534 0.053554218397063154
4229 0.06519724273672929 0.05310568534718077 0.03941692902882984 0.05257328570424663
4239 0.06757480998040105 0.05307074296990984 0.03870543662498378 0.05311699652509822
4249 0.06431417618259869 0.05287631773730438 0.03823749433826266 0.051809329419388574
4259 0.06526432447759356 0.05272745540348292 0.037933441846384156 0.05197507390915355
4269 0.06439324272745892 0.05283650174155445 0.03804081963012321 0.051756854699712196
4279 0.06351826172214138 0.05267440286525726 0.03796584537885965 0.05138616998875276
4289 0.06255323899361212 0.05276420199600631 0.03784990595642297 0.05105578231534713
4299 0.06301521975858408 0.052808497319382294 0.037664327957744076 0.05116268167857015
4309 0.06242414124025167 0.05209399867226234 0.0376013509706696 0.0507064969610612
4319 0.06282697819655197 0.05212855073814957 0.03761545907859511 0.05085699600443222
4329 0.06299187729532499 0.05168870901871386 0.03770375529627634 0.05079478053677173
4339 0.06308117553545013 0.05161259988386518 0.037412454906360845 0.05070207677522539
4349 0.06193760129105287 0.05154512784200701 0.03723337698014376 0.05023870203773454
4359 0.06155800389594277 0.05137957949107067 0.037313497171419546 0.05008369351947767
4369 0.06170290734205084 0.051441193458906825 0.03719479831403892 0.050112966371665534
4379 0.06166344232871325 0.051479041635405 0.03718969355410549 0.050110725839407906
4389 0.06110588671639549 0.05155342494465297 0.03720611269497022 0.049955141452006226
4399 0.06159532105624844 0.05144068489724555 0.037796636263493465 0.05027754740566248
4409 0.06127125721346463 0.05141760638242497 0.03717946862841268 0.0499561107414341
4419 0.06211247171592317 0.051024972677854254 0.03697666577885753 0.05003803672421165
4429 0.06119221097000973 0.05106678839427377 0.03693505461608781 0.049731351326790435
4439 0.061819147001148315 0.05103764347767711 0.03663164608606264 0.04982947885496269
4449 0.06075327914223938 0.050772305122404986 0.03639323830904706 0.04930627419123048
4459 0.0614856949892917 0.0508014925832216 0.03628343746955009 0.049523541680687795
4469 0.06010941557991221 0.0507211817222977 0.03632052002194462 0.04905037244138485
4479 0.06097739120295546 0.050767233087165 0.03609182444423331 0.049278816244784585
4489 0.05998058374270841 0.05077479811693843 0.035826907794737475 0.0488607632181281
4499 0.05988628457547283 0.05067932244732494 0.03575302476000279 0.048772877260933524
4509 0.06063567678654534 0.050559735279291106 0.03564421213138125 0.04894654139907256
4519 0.05981964603295121 0.05055425617850384 0.03547646042343632 0.04861678754496379
4529 0.05906359435837556 0.05052047798102684 0.035309605847376746 0.04829789272892638
4539 0.06315309059216434 0.05052706834063912 0.03516745264661015 0.049615870526471206
4549 0.059614946603709904 0.05006440646356581 0.03519255519596714 0.04829063608774762
4559 0.05941885509450577 0.05003469544789658 0.03499084919446778 0.04814813324562337
4569 0.05863339678580465 0.04998344157459858 0.034946068468338795 0.04785430227624734
4579 0.058614841071752695 0.04999660752792453 0.03500685913797581 0.04787276924588435
4589 0.05894085350994408 0.04997921671005416 0.034538635728679545 0.04781956864955927
4599 0.05843886862804581 0.050040407402356046 0.03447532929384725 0.04765153510808304
4609 0.057962008691294586 0.049917445824176614 0.03441897220144221 0.04743280890563781
4619 0.057995745924581975 0.05036359901446111 0.03442951561799667 0.04759628685234659
4629 0.056373454014235734 0.0495391936293729 0.03433284525490086 0.0467484976328365
4639 0.05609046802349349 0.049592623672517454 0.03426957846506418 0.04665089005369171
4649 0.05607538008266798 0.0495460463766881 0.034259534819374035 0.04662698709291004
4659 0.05561832611697695 0.04926838122409373 0.034183292655648526 0.04635666666557307
4669 0.05540564223543228 0.04909720502852795 0.03416073163351558 0.04622119296582527
4679 0.05537576569674326 0.049080863438787765 0.03414225934387448 0.046199629493135164
4689 0.05537022939427724 0.04907787793190392 0.034155596357826556 0.0462012345613359
4699 0.05518431154319693 0.04904643937659374 0.03391587456022875 0.046048875160006476
4709 0.05505093625259577 0.049049424949326625 0.03411112264904789 0.046070494616990094
4719 0.05471187526995176 0.04886598352859919 0.033711475204588094 0.04576311133437968
4729 0.054467958754374185 0.049023540169629023 0.033599173349111874 0.04569689075770503
4739 0.05416293105822089 0.048486354254833934 0.03355594384881104 0.045401743053955286
4749 0.054277213040493634 0.04855658421951486 0.03346623547156097 0.045433344243856484
4759 0.053804808811427254 0.04851672514628501 0.033440978470404004 0.045254170809372087
4769 0.05381928884210869 0.04849168586968939 0.03332601991110757 0.04521233154096855
4779 0.053324284367098795 0.04810300200529296 0.03327065817314538 0.044899314848512374
4789 0.05310339153317861 0.04818823874886271 0.0333545688066194 0.044882066362886906
4799 0.05323340329476717 0.04813649031281044 0.033101407102385245 0.044823766903320954
4809 0.053105718567645545 0.04804082826299221 0.032943885005433 0.04469681061202358
4819 0.05346191403792409 0.047945413841363235 0.032911398742392975 0.04477290887389344
4829 0.05232746841941839 0.04799096485735244 0.032801569623875385 0.044373334300215415
4839 0.05245552660656931 0.04793027584645496 0.03276933244510425 0.04438504496604284
4849 0.05218188528708155 0.04783970717901511 0.0327280250424967 0.04424987250286445
4859 0.05193218130952815 0.047732940951702996 0.03285256538906899 0.04417256255010005
4869 0.051879666962685214 0.04766240705700733 0.03264724722452838 0.044063107081406976
4879 0.05189330778984785 0.04761397130494451 0.03262881140145502 0.04404536349874913
4889 0.05168696370565302 0.04768708591462685 0.03261776590327141 0.04399727184118376
4899 0.051539211965013355 0.04747340302231282 0.032647789936309596 0.04388680164121193
4909 0.051457333970130345 0.04785072823131834 0.03233242285243242 0.04388016168462704
4919 0.05163420337892035 0.04759007935925106 0.03235173135837083 0.04385867136551408
4929 0.05126265481105379 0.047225185255914535 0.032173805214521116 0.04355388176049648
4939 0.05128637436064503 0.04740088229441522 0.03218432004472047 0.043623858899926905
4949 0.051253426417368866 0.04732091124817924 0.03218272182022558 0.043585686495257896
4959 0.051312250045126705 0.046900267766996774 0.03211021163000766 0.043440909814043714
4969 0.05083984675497485 0.04665803414156807 0.032057451068007975 0.04318511065485029
4979 0.05083952258999222 0.04634125001431642 0.03204128400168744 0.043074018868665354
4989 0.0507257048591051 0.046206396716135315 0.03205420248342973 0.04299543468622338
4999 0.050525553228072034 0.046111316758800196 0.03198108790149653 0.042872652629456255
5009 0.0504448252454258 0.04650697978488595 0.03198017617870572 0.04297732706967249
5019 0.050411697702516245 0.0461419475727319 0.03169911615605788 0.042750920477102015
5029 0.05034106458840483 0.046346405587609725 0.03167897741202273 0.042788815862679096
5039 0.050340261705935994 0.04661064493410945 0.031651381972231635 0.04286742953742569
5049 0.05023098815959635 0.04601036781583127 0.03162576338896091 0.04262237312146284
5059 0.05027980429549391 0.04589763923332943 0.03166839194816771 0.04261527849233035
5069 0.049924387130024575 0.046026540409906835 0.031623800794496594 0.042524909444809335
5079 0.049892026137096465 0.04638492822995166 0.031430953716481184 0.042569302694509766
5089 0.04961874065355358 0.04577954126076566 0.031426178232091456 0.04227482004880356
5099 0.049475059632650836 0.04562474053634423 0.031421052730448325 0.0421736176331478
5109 0.04933523378002196 0.045377475350863755 0.03143400296242217 0.04204890403110264
5119 0.049404486836076615 0.04537777671230359 0.031210207380367082 0.041997490309582435
5129 0.04922146751890687 0.04530638410676619 0.031186904688572287 0.04190491877141512
5139 0.04902951481334382 0.045273151134625426 0.031178949117857273 0.04182720502194217
5149 0.04898264341369661 0.04525305403892103 0.031188077732159716 0.041807925061592456
5159 0.048770956505869746 0.04534857267446557 0.031183736544184156 0.04176775524150649
5169 0.04858341769315955 0.045207728637496475 0.031242065575453042 0.041677737302036354
5179 0.04854571501395954 0.0449544791528062 0.031009583244688495 0.04150325913715141
5189 0.04821142935808299 0.04520094605558789 0.030980424523775127 0.04146426664581533
5199 0.04809307355330792 0.04529551822360459 0.030779915863094823 0.041389502546669114
5209 0.04804954264612917 0.04489330957414514 0.030584855186973934 0.04117590246908275
5219 0.04805757761632301 0.04500324797705397 0.030565744591715654 0.04120885672836421
5229 0.04805780574529163 0.04498427657746167 0.030565632713169356 0.04120257167864088
5239 0.04799533891526781 0.04506938790556514 0.030521189770247002 0.04119530553035999
5249 0.04797909930999554 0.044778034142536186 0.030502249990973875 0.0410864611478352
5259 0.04782641567793187 0.04485129345810176 0.030529558452145958 0.04106908919605986
5269 0.04762862869015956 0.044672808642806636 0.030455384804581806 0.040918940712516
5279 0.047528720840846576 0.04470679493781037 0.0304046969237471 0.04088007090080135
5289 0.04719114476279604 0.0447581670596538 0.030354003483072177 0.04076777176850734
5299 0.04698300725345014 0.044617103683317325 0.030284991337960122 0.0406283674249092
5309 0.046923141608978 0.044319073207659446 0.030167896289799236 0.04047003703547889
5319 0.0468663760010918 0.04427339550252023 0.030146286847186 0.04042868611693267
5329 0.046928499078434736 0.04435697217038757 0.030128731248115322 0.04047140083231254
5339 0.0468686137462045 0.04441035294958293 0.03011893243741203 0.04046596637773315
5349 0.04667553180012727 0.044478410106321545 0.03013431956999523 0.04042942049214802
5359 0.04689006002303105 0.04429771166527497 0.030113691984992728 0.04043382122443292
5369 0.04645503702004207 0.04418688809488191 0.02995468720350698 0.04019887077281032
5379 0.046438651786044303 0.04379556480140128 0.029912807187789756 0.04004900792507845
5389 0.04647553048026193 0.04394680597789094 0.029874373601355957 0.04009890335316961
5399 0.04627631955584818 0.043712082286219985 0.029809782567811464 0.039932728136626544
5409 0.04611939274736497 0.04379108216573849 0.02973940887985163 0.0398832945976517
5419 0.04610599414333826 0.04377841393016711 0.02967488439956747 0.03985309749102428
5429 0.04614265045119012 0.04332973372184759 0.029683299742505213 0.03971856130518098
5439 0.046234928121199274 0.043075776554209806 0.02969909637598629 0.03966993368379846
5449 0.046051788748544174 0.043197438285995635 0.02968224342342601 0.039643823485988605
5459 0.046085873006805396 0.04321461358484338 0.02966640874475891 0.03965563177880256
5469 0.04601057572819019 0.043227470064022305 0.029489374207547988 0.039575806666586825
5479 0.046008081667537185 0.0429003452967521 0.029388577353939054 0.03943233477274278
5489 0.045921489840271966 0.0428919094202332 0.029393766631480356 0.03940238863066184
5499 0.045750931432296464 0.04271240894106465 0.029286314547086068 0.0392498849734824
5509 0.04580264238301952 0.04234043551656624 0.029351259641259682 0.03916477918028181
5519 0.045789801147142706 0.04236043247899744 0.02921937753180452 0.03912320371931489
5529 0.04559418814080057 0.04208183514299117 0.029203238341256783 0.03895975387501618
5539 0.045406920421385534 0.04213591264791924 0.02920852004680104 0.038917117705368605
5549 0.04543166542057522 0.04193244526456984 0.02918375616219756 0.03884928894911421
5559 0.045461326820677425 0.041845091454436295 0.029106005470348435 0.038804141248487384
5569 0.04524976545143994 0.042182129472035805 0.029038233973200243 0.038823376298891994
5579 0.045154784815655685 0.04163869663833799 0.02900456553676736 0.03859934899692035
5589 0.04466553313522417 0.04149638760526105 0.028985015214840162 0.03838231198510846
5599 0.04452754515151281 0.04166098580142998 0.02879532758880168 0.03832795284724816
5609 0.04446963111460328 0.041415545129064646 0.028719872854117447 0.03820168303259513
5619 0.044391036277912604 0.04114744639366193 0.02863204504648938 0.03805684257268797
5629 0.04447666017426612 0.04103433226597265 0.02858335862061742 0.03803145035361873
5639 0.04409960337050373 0.04151145573955456 0.02852710363082575 0.03804605424696134
5649 0.044159784213283496 0.04118603111543599 0.028509291016682783 0.037951702115134094
5659 0.04400767958366442 0.041105610871476905 0.02848918268753229 0.03786749104755787
5669 0.04408445530890404 0.04089570162670239 0.028485488514244924 0.037821881816617116
5679 0.043822526301191204 0.04128455714017186 0.028461592185174894 0.03785622520884598
5689 0.04362665403012654 0.0408773528532545 0.028499991187855216 0.037667999357078756
5699 0.0434144886852717 0.041142038339829004 0.028437550205450076 0.037664692410183595
5709 0.04344124440392705 0.040633466446877195 0.028408200430682363 0.037494303760495534
5719 0.04330434480801775 0.0406213667009297 0.02826523841984675 0.03739698330959807
5729 0.04307843004024073 0.04049917359655916 0.028206639697804615 0.03726141444486817
5739 0.04304724132864525 0.04049054396659858 0.028200399930670715 0.037246061741971516
5749 0.04271022600999556 0.04061669291750475 0.028132346717995773 0.03715308854849869
5759 0.04273862209313737 0.04042751621356432 0.027932609743437947 0.03703291601671321
5769 0.04259621652964392 0.04055265492974358 0.027919499681691013 0.0370227903803595
5779 0.04256598396358114 0.04034908555821258 0.027879063725043667 0.0369313777489458
5789 0.04246024129203336 0.04051142604765614 0.027825962668630664 0.03693254333610672
5799 0.04197241236682775 0.04041278788759555 0.027686233844624597 0.03669047803301597
5809 0.042025700144421 0.04020556299809988 0.027652382904697244 0.036627882015739376
5819 0.04196794125994356 0.04008946874045464 0.027342478388822797 0.03646662946307367
5829 0.04179965649899084 0.040198745920730576 0.027290272294294666 0.03642955823800536
5839 0.04164292499960023 0.04010733047587925 0.027114138962867827 0.0362881314794491
5849 0.04164751836936767 0.040210054174523564 0.02706376912226064 0.03630711388871729
5859 0.04151717898215249 0.03996286994370718 0.02709466202729376 0.03619157031771781
5869 0.041247187940337805 0.04009358951183379 0.02694344709805281 0.03609474151674147
5879 0.04125565759861492 0.039917576204081796 0.026865552526543712 0.03601292877641348
5889 0.0411032241923756 0.039758619851431795 0.026829042766531506 0.035896962270112964
5899 0.040850527663803246 0.03951336033657823 0.0268307594388241 0.03573154914640186
5909 0.040926215238322114 0.039508355953661506 0.02676390347703394 0.03573282488967252
5919 0.040731098467891046 0.03941292468247305 0.026782032956199773 0.03564201870218795
5929 0.040705755054277856 0.03951858742201368 0.02666986900724902 0.03563140382784685
5939 0.04068024818164306 0.03943022518938557 0.02656115068960585 0.03555720802021149
5949 0.0405684306217361 0.039034422131896056 0.026540895803314233 0.03538124951898213
5959 0.04088033437156209 0.03911137887138262 0.026526616555609547 0.03550610993285142
5969 0.04062138496221827 0.03945900009579347 0.02651268094727077 0.03553102200176084
5979 0.04060420972793356 0.0387303084116782 0.02640433203788868 0.03524628339250015
5989 0.04049188326571494 0.03890419454089037 0.026267776167260153 0.03522128465795516
5999 0.04040954234463033 0.03868544605471707 0.02622380155200649 0.03510626331711796
6009 0.04035123044620337 0.038535672411027413 0.026167504816509302 0.03501813589124669
6019 0.040366352837946394 0.0384007762926666 0.02616932635812438 0.03497881849624579
6029 0.040265039734341625 0.03844615674569643 0.02610953723399716 0.03494024457134507
6039 0.04028986440369053 0.038391450071788416 0.026124184014033627 0.034935166163170855
6049 0.04027740149348197 0.03846173078384077 0.026020902701244228 0.03492001165952232
6059 0.04031762094284077 0.038429400458887555 0.026009324816426697 0.03491878207271834
6069 0.0402756764728158 0.038804637078166095 0.02608211722456854 0.03505414359185014
6079 0.040251151543948885 0.03845059336336601 0.02598252004804944 0.03489475498512145
6089 0.0401201197413886 0.038143739149101005 0.025811617493635402 0.034691825461375
6099 0.0401033863494492 0.03813897023860651 0.025813964590557206 0.03468544039287097
6109 0.04009368504085306 0.038126691759319556 0.025803080291502477 0.03467448569722503
6119 0.039933331054084746 0.03799429024258484 0.025787165701800355 0.03457159566615665
6129 0.04002598134242653 0.0380168849946916 0.025668323097273196 0.03457039647813044
6139 0.03973592671550554 0.0378833049931303 0.025666921905652083 0.03442871787142931
6149 0.03945523529339747 0.03804714928285987 0.025540419316651207 0.03434760129763618
6159 0.039400257161344286 0.03772629510751943 0.025525282786852184 0.0342172783519053
6169 0.03935061785387065 0.03737343200737184 0.02546568935672943 0.03406324640599064
6179 0.03934706881312296 0.037507553168919135 0.02541406137696986 0.03408956111967065
6189 0.03937223964445181 0.037508891674005174 0.025358397098292625 0.0340798428055832
6199 0.03921316745277119 0.03754662089470404 0.025339597477000247 0.0340331286081585
6209 0.03914429166427066 0.03730146025100357 0.025392071960676655 0.033945941291983625
6219 0.03963311863592362 0.03726732292886831 0.025243893769148637 0.034048111777980186
6229 0.03907501938856695 0.03725093398857587 0.0252277094931416 0.03385122095676147
6239 0.03904693371355163 0.03728486770783573 0.025177714553456482 0.033836505324947946
6249 0.03902202374601971 0.03710735135144507 0.025061905506844617 0.03373042686810313
6259 0.03878046844019561 0.03721650750652708 0.025053221923973776 0.033683399290232154
6269 0.038738165000477845 0.037187989490124855 0.025004304848371177 0.03364348644632462
6279 0.03875690049680272 0.03704407047427956 0.02495988359959878 0.03358695152356035
6289 0.0388053380253315 0.03705685593763009 0.024970279102483544 0.03361082435514838
6299 0.03855616003147133 0.03731146720676797 0.02475331469320242 0.03354031397714725
6309 0.03820856091419553 0.036892593266523555 0.02471386147242571 0.0332716718843816
6319 0.03808653104137313 0.03685817956980885 0.024674281346239425 0.0332063306524738
6329 0.03799230270711446 0.03684661948030582 0.024695288047641907 0.033178070078354056
6339 0.03733653300594928 0.036810220057911104 0.024640546577064156 0.032929099880308184
6349 0.03721454862606005 0.03680203727358937 0.024577080172829634 0.03286455535749302
6359 0.03704649843302156 0.036825042788728085 0.024572026401042182 0.03281452254093061
6369 0.03706043728664174 0.03681056801631897 0.024551898177780695 0.03280763449358046
6379 0.036947148805939974 0.03662199334669529 0.024530059847570087 0.03269973400006845
6389 0.036890950850551746 0.03650786491133425 0.02441783968790078 0.0326055518165956
6399 0.036786393774702685 0.03650512349146745 0.024383765964630082 0.03255842774360008
6409 0.03618929281296207 0.03641021434873719 0.024334709274708374 0.03231140547880255
6419 0.03612685907600524 0.036377674406472646 0.02429521995576782 0.03226658447941524
6429 0.035874730964900535 0.03637779406905604 0.024279349566370383 0.03217729153344232
6439 0.03581812121101359 0.03636337820653534 0.02425693606690956 0.032146145161486166
6449 0.035705706482400436 0.03637343151815413 0.024264541595945842 0.03211455986550014
6459 0.03563318612430316 0.03634900092672062 0.024242463268939144 0.03207488343998764
6469 0.03560825515036306 0.036349740928162365 0.024189439795809828 0.032049145291445084
6479 0.035574145632066435 0.03626693494646852 0.024159454496305004 0.032000178358279986
6489 0.035590527699129695 0.036120922898135566 0.024133857620462242 0.03194843607257584
6499 0.03556180708250048 0.0360755880104714 0.024075928693171367 0.03190444126204774
6509 0.03549209277276207 0.03601998428596881 0.024016316060998653 0.03184279770657652
6519 0.03542093483164727 0.03599138319551077 0.024045566594440345 0.03181929487386613
6529 0.03549272575078463 0.03596439745192351 0.02384490573680038 0.031767342979836174
6539 0.03531692970816708 0.03594922566762255 0.02381610112652427 0.031694085500771296
6549 0.03528014477949913 0.03587120286281642 0.02385413512290702 0.03166849425507419
6559 0.03506723305636658 0.03581650125088259 0.02377274099591107 0.031552158434386746
6569 0.03509216616074758 0.03581650696212742 0.023750477526733784 0.03155305021653626
6579 0.03475733122961407 0.035752970603478915 0.023674522622301124 0.03139494148513137
6589 0.03482828667496895 0.0357259879404671 0.02365721962231593 0.031403831412583995
6599 0.034634506356629034 0.03572395408963834 0.023623940345083128 0.03132746693045017
6609 0.034542818976790735 0.035561532193957454 0.023632109588919786 0.031245486919889324
6619 0.034644020858409445 0.03555195559067076 0.023572055280515224 0.031256010576531816
6629 0.0344968892435471 0.03551071529880147 0.023577823527509822 0.0311951426899528
6639 0.034384410260316786 0.03550321133110387 0.023570037192419027 0.031152552927946563
6649 0.03445219504438529 0.03549389759026315 0.02351750109976577 0.031154531244804735
6659 0.03433664609232949 0.03547116179494128 0.023485189495284567 0.031097665794185114
6669 0.034331346169615265 0.03542039206546891 0.023450098775103113 0.031067279003395763
6679 0.0343545165576179 0.03539235253537401 0.02345172242702617 0.03106619717333936
6689 0.034310454065867274 0.035310571600952516 0.023445599263031552 0.03102220830995045
6699 0.03407558067197049 0.03529987583490618 0.023418973777053445 0.03093147676131004
6709 0.033998535764481405 0.03520707506551497 0.023405188077457756 0.03087026630248471
6719 0.03401711646000588 0.03516158725306691 0.023381277957685784 0.03085332722358619
6729 0.034036347934649755 0.03512841226193955 0.023368149209891553 0.03084430313549362
6739 0.033884639003941994 0.03512957185010873 0.0233603903088121 0.030791533720954275
6749 0.033830621529097785 0.035091678216532494 0.023349700468965246 0.03075733340486517
6759 0.03378919108364377 0.035068987981413155 0.02334366480280873 0.030733947955955215
6769 0.03366389556082954 0.0350524840202752 0.023336709028823104 0.03068436286997595
6779 0.033542051865019684 0.03490979845245416 0.023279285787614123 0.030577045368362657
6789 0.033841792848213655 0.03490788601116826 0.02326651381253982 0.030672064223973908
6799 0.03331962059680375 0.03481809897155289 0.02323023291101388 0.030455984159790176
6809 0.03319863818432017 0.034804361632781625 0.02320459297254982 0.030402530929883875
6819 0.03291919494533875 0.034728022209131425 0.023141627105976118 0.030262948086815428
6829 0.03275279709159812 0.03470764789905519 0.023118952206841337 0.030193132399164883
6839 0.03268739328729868 0.03471240042170234 0.023124339763825805 0.030174711157608936
6849 0.03261115521514436 0.034673865892781965 0.02315859449588914 0.03014787186793849
6859 0.032542245886640446 0.03468283158229802 0.023004652500927144 0.030076576656621872
6869 0.03249837465660207 0.03524492807814667 0.022902322695025384 0.030215208476591374
6879 0.03219572127498467 0.034511508812267715 0.022903823828273866 0.029870351305175416
6889 0.03206674555860725 0.03449830868212424 0.022815461153792967 0.029793505131508153
6899 0.031893326211081645 0.03443677853320069 0.022819395391546874 0.0297165000452764
6909 0.03187959770871631 0.03436546588915318 0.022798103032109853 0.02968105554332645
6919 0.031663013304269225 0.03435147881839323 0.02277160949995757 0.02959536720754001
6929 0.03171027686464823 0.03437221162221283 0.022760626011066064 0.02961437149930904
6939 0.03166696837618228 0.034365072147137944 0.022732112020586153 0.029588050847968797
6949 0.03155190372202515 0.034310618852567455 0.02271335646996534 0.029525293014852644
6959 0.03154777729459066 0.03434352466061495 0.02270158594108863 0.029530962632098087
6969 0.031451652938175804 0.0341679968018879 0.02268311722539898 0.02943425565515423
6979 0.0313896826731032 0.0341556421770656 0.022680198747630942 0.029408507865933246
6989 0.03136752518785432 0.034157709757941794 0.022651233404053218 0.029392156116616445
6999 0.03129983914942056 0.034119359748008664 0.022625461881641044 0.029348220259690094
7009 0.031365757367208126 0.03403484283361746 0.022626295898523212 0.029342298699782932
7019 0.031173622211060497 0.0339676210544498 0.022605107509606728 0.029248783591705674
7029 0.03110134844161785 0.03393569962405383 0.02260611890868663 0.02921438899145277
7039 0.031144476524620684 0.033915214402750075 0.02254718019626947 0.029202290374546747
7049 0.03105160830717967 0.03391089439171155 0.02255843000071444 0.029173644233201883
7059 0.031040202328524846 0.033916469700286236 0.0225029086885331 0.029153193572448066
7069 0.030947021834951585 0.033826919957483964 0.022535739044442758 0.0291032269456261
7079 0.030907174814045223 0.03383572434168135 0.022444357850846763 0.02906241900219111
7089 0.03094274691918852 0.033825402783325506 0.0224368489924581 0.029068332898324042
7099 0.030825677670899183 0.03379584062086542 0.022429074924686484 0.029016864405483695
7109 0.03082571764185919 0.03364595334726996 0.022345417633654024 0.028939029540927724
7119 0.030863141900739084 0.033662859914999045 0.02232860430443351 0.028951535373390545
7129 0.030818158621823785 0.033589545843058316 0.02232192852686005 0.02890987766391405
7139 0.030796392542251753 0.03357712512141436 0.02231542517548339 0.028896314279716503
7149 0.030671262383159745 0.03357239541014007 0.02234946463459497 0.0288643741426316
7159 0.030607588603540892 0.033424147280470586 0.02233399536432399 0.028788577082778488
7169 0.030580712993447393 0.03342442567073511 0.022277114544192022 0.028760751069458176
7179 0.030507191572090246 0.03341861003467792 0.02226759392704183 0.028731131844603335
7189 0.030422451655089628 0.03339876743065131 0.02225840684875059 0.02869320864483051
7199 0.030382643597537725 0.03339351063923322 0.02224484495975621 0.02867366639884239
7209 0.030333214565062484 0.033382448088830834 0.022254624302768464 0.028656762318887263
7219 0.030271095844018346 0.0333571214573309 0.02226097204342739 0.02862972978159221
7229 0.030052384371838638 0.033331618928581865 0.022244674884869635 0.028542892728430042
7239 0.030043286145454054 0.033241153391926404 0.022225152354307394 0.028503197297229287
7249 0.03002756274392205 0.033244922352861604 0.02223677228334924 0.02850308579337763
7259 0.029929879041089038 0.033087013518480216 0.02223556140240912 0.028417484653992794
7269 0.029835153647757517 0.03302936074974439 0.022205043575085272 0.028356519324195723
7279 0.02976642792183348 0.03300682585546305 0.022224175171382005 0.02833247631622618
7289 0.0297406455916269 0.0329875620948601 0.022200617821578485 0.0283096085026885
7299 0.029630620171536677 0.03298440551827015 0.02220050195582724 0.02827184254854469
7309 0.029586033427255656 0.032963506002366694 0.022160080444694155 0.028236539958105503
7319 0.029574059671100508 0.03296074657465877 0.02224224557471043 0.028259017273489898
7329 0.029444285176966133 0.032939542212559986 0.021956523910632766 0.028113450433386297
7339 0.029417853309448624 0.03290609355410228 0.021942355828798166 0.028088767564116355
7349 0.029292735748749736 0.032878320145501634 0.021927550516141984 0.02803286880346445
7359 0.02918695983735344 0.03290420747363121 0.021910981533789824 0.02800071628159149
7369 0.029084455828162478 0.03272892573268726 0.021894996973303996 0.027902792844717913
7379 0.029002282864458676 0.03270641374904202 0.021880647374015506 0.027863114662505403
7389 0.028956303400366104 0.032704716718003596 0.021754750849014126 0.027805256989127943
7399 0.028890138738604985 0.03269635480582954 0.021762643169191666 0.02778304557120873
7409 0.028885412145180984 0.03269022593239069 0.021692094755496938 0.027755910944356203
7419 0.02887668131807801 0.03259207703325184 0.021673273521936355 0.02771401062442207
7429 0.028844260934343984 0.0325575171098609 0.021635919931028244 0.027679232658411042
7439 0.028820010434997698 0.032569967294668156 0.02161684952688367 0.027668942418849842
7449 0.02869482633154557 0.03252442384563663 0.021618230912683306 0.02761249369662183
7459 0.028707735521877133 0.03246536038992568 0.021598884625325453 0.027590660179042756
7469 0.028624070476391605 0.032400162974733415 0.02157450570025401 0.027532913050459674
7479 0.028628694023279413 0.03238272192101093 0.02153235729253416 0.027514591078941497
7489 0.028603104384749254 0.03238587115494239 0.021527447163235784 0.02750547423430914
7499 0.02850596856771008 0.03236205698173408 0.02152667805591519 0.027464901201786452
7509 0.028451329863503173 0.03233710037759026 0.021495412834908266 0.027427947692000566
7519 0.02845742566253691 0.032335924823130205 0.021492310795729216 0.027428553760465445
7529 0.028397702228897922 0.03232975422496778 0.021463898498574968 0.027397118317480224
7539 0.02837744308260974 0.032298385431920464 0.02137909585149101 0.027351641455340404
7549 0.02835892917605878 0.03229148446978322 0.021395404625468482 0.027348606090436833
7559 0.028252496235127017 0.032240942379681205 0.021368397046927074 0.027287278553911765
7569 0.028046404743887733 0.032192388159377465 0.021337934513887772 0.02719224247238432
7579 0.028016532839016242 0.032204059403213615 0.021306505439464985 0.027175699227231617
7589 0.028046135601026857 0.03218813824617318 0.021264935832708828 0.02716640322663629
7599 0.02799849696165219 0.03216289164430183 0.021268676306452263 0.027143354970802096
7609 0.027903792275142 0.032158116843129234 0.021314748930047235 0.027125552682772825
7619 0.027882172609805935 0.03211090279103336 0.02124819333687884 0.027080422912572715
7629 0.02785442543556112 0.03209552773614526 0.02126155448669879 0.027070502552801728
7639 0.027814345546323126 0.032085718731035016 0.021225836921583564 0.0270419670663139
7649 0.02782678161601778 0.032095071852765764 0.021206343261571586 0.027042732243451707
7659 0.02803711990865786 0.03200734585340819 0.021193400443515257 0.02707928873519377
7669 0.02767527391444206 0.03199637364279668 0.021242852307601343 0.02697149995494669
7679 0.02769422365501247 0.032016305302610154 0.02118411029750011 0.02696487975170758
7689 0.027700888652746978 0.03199075866314893 0.021150995165884375 0.02694754749392676
7699 0.02768949418367546 0.031857092192966396 0.021239321802141515 0.026928636059594457
7709 0.02766253440844322 0.03181857359390789 0.02111974258704128 0.026866950196464134
7719 0.02764980614108873 0.031809516510637945 0.021102578656498477 0.02685396710274172
7729 0.027633732848658048 0.031792591250123126 0.021080549329496778 0.02683562447609265
7739 0.027665257359624332 0.03178124312876168 0.021067447821825694 0.02683798277007057
7749 0.027565192414093276 0.03176448028306667 0.02103874292165542 0.026789471872938456
7759 0.02743590421035982 0.031700869198137346 0.02099304092989267 0.02670993811279661
7769 0.027316392656899963 0.03171119158369616 0.02099892062255854 0.02667550162105155
7779 0.027335309698458595 0.03167862669466576 0.02095701272127233 0.02665698303813223
7789 0.027245628271695792 0.03168909755681039 0.02095218072972967 0.026628968852745283
7799 0.027224118563979376 0.031600995486671765 0.02094916100706163 0.02659142501923759
7809 0.0272188179115445 0.03157456028041913 0.020974398556182338 0.026589258916048655
7819 0.02718139118985144 0.031553821142359106 0.020938220828556876 0.026557811053589137
7829 0.027150033220346592 0.03155056606157678 0.02091929140646524 0.026539963562796202
7839 0.027145577254846065 0.03155308125343015 0.02092738588615976 0.026542014798145327
7849 0.027102415620812063 0.031544281891048985 0.020910546722789764 0.02651908141155027
7859 0.02717074239856705 0.0313921345584387 0.020926350704240405 0.02649640922041539
7869 0.026961024384830036 0.03126889550830251 0.02086219617580837 0.02636403868964697
7879 0.026910085408321852 0.03120881167687671 0.020909880581403407 0.02634292588886732
7889 0.026902041804768687 0.031167728471241954 0.020819485996914428 0.026296418757641687
7899 0.026919076167632783 0.031146979335033995 0.02081096009368621 0.026292338532117664
7909 0.02669191382938516 0.03111531429900628 0.020831380295981902 0.026212869474791112
7919 0.026664781299582198 0.031112395827638358 0.02076258213178147 0.026179919753000675
7929 0.02664487557835574 0.031072755482206636 0.020748522787296334 0.026155384615952904
7939 0.026698292708305583 0.031045057817629746 0.020686176117928435 0.02614317554795459
7949 0.02656280381553909 0.031163608338514028 0.020664403862766748 0.026130272005606622
7959 0.02651751924623637 0.030828685005860494 0.020660934253873862 0.026002379501990244
7969 0.026482822380231787 0.030764963814116194 0.020643699212355742 0.025963828468901242
7979 0.02646521318641054 0.03077143478629723 0.020648139023407164 0.025961595665371647
7989 0.026467618762994277 0.030653033857913355 0.020614645425726757 0.025911766015544794
7999 0.02638361210004222 0.030637603473974172 0.02061782073974277 0.02587967877125305
8009 0.02633324950411501 0.030578151894962987 0.02057183032911089 0.025827743909396295
8019 0.02633655446406211 0.03056699246759156 0.020545659823566167 0.025816402251739947
8029 0.026312041655923924 0.030540573358655947 0.020513340725471486 0.025788651913350457
8039 0.026305714163967566 0.030495919280867607 0.020420364356920594 0.025740665933918588
8049 0.026133138527427994 0.030493246989366368 0.020384557202151227 0.025670314239648526
8059 0.02611610165471257 0.030438045094124906 0.020364221781405775 0.02563945617674775
8069 0.026117204425369037 0.030425621836829564 0.02030740335782777 0.025616743206675455
8079 0.02611824986589086 0.030406214841988223 0.020290830498055197 0.025605098401978093
8089 0.026094717450480656 0.030330831855969433 0.020270065620465315 0.025565204975638467
8099 0.025995255736963895 0.0303463895725684 0.020283003405579977 0.025541549571704094
8109 0.025920504332933858 0.030328684947818794 0.020242540032056403 0.025497243104269682
8119 0.025888070430394948 0.03031378991606726 0.020240553062358762 0.02548080446960699
8129 0.025912927867240428 0.030310674570066965 0.02022849340450331 0.025484031947270235
8139 0.0258609523287772 0.030309767792849805 0.020199964505666065 0.025456894875764358
8149 0.025804424291299585 0.030304669645446782 0.0201574084506363 0.025422167462460888
8159 0.025797455681294486 0.030128985771417222 0.020150442025349043 0.025358961159353585
8169 0.02576258468881665 0.03002096070428295 0.020131339201601893 0.025304961531567166
8179 0.02570850936757301 0.029982693314803608 0.020115042007176943 0.025268748229851187
8189 0.025660381610638276 0.029953673857592206 0.020109747867653766 0.02524126777862808
8199 0.025459796339172263 0.029912465371368203 0.020101556091017287 0.025157939267185916
8209 0.02536189071667334 0.029892984177561432 0.020066652765678046 0.025107175886637606
8219 0.025338863276364382 0.02989691618475116 0.020052505826739706 0.02509609509595175
8229 0.02537816976232421 0.029890241531659142 0.020014244313533554 0.02509421853583897
8239 0.025348787135454954 0.029813709953893854 0.019978882320601774 0.025047126469983527
8249 0.02533091102492367 0.029722169019639144 0.019953363962614407 0.025002148002392408
8259 0.02526763632733309 0.029710831853404736 0.01994017360763658 0.0249728805961248
8269 0.02522702588786853 0.029630811016936383 0.019917468972737017 0.024925101959180643
8279 0.025204711092163833 0.029586986594560178 0.019884418239110763 0.024892038641944923
8289 0.025178201928521327 0.02956177811975933 0.019875223390526768 0.024871734479602475
8299 0.025096676228868162 0.029575795689743046 0.019869445153274764 0.024847305690628655
8309 0.02502240378806832 0.029555627624205712 0.01981796025691361 0.024798663889729216
8319 0.02498326957641926 0.029500422380458656 0.019801007321743804 0.02476156642620724
8329 0.024972289718321976 0.0295033878357405 0.019797191784420583 0.024757623112827688
8339 0.024970736301205724 0.02937937097035338 0.019782821455126557 0.024710976242228552
8349 0.025005256365082613 0.02936836921424959 0.01976397135388955 0.024712532311073915
8359 0.024949905100557227 0.029238790928996852 0.01976474273722661 0.024651146255593562
8369 0.02489514252099389 0.02920591986018918 0.019791317866706497 0.02463079341596319
8379 0.024879706669501032 0.029153191764549863 0.019688825151130972 0.02457390786172729
8389 0.024639209013110074 0.029074776232238152 0.019678748416888023 0.02446424455407875
8399 0.02465024058865066 0.02905058932266272 0.01967398980715368 0.024458273239489018
8409 0.024583479645825555 0.029030168404763156 0.01966372891295083 0.02442579232117985
8419 0.024488615350505328 0.029033740798653333 0.01963260603112922 0.024384987393429296
8429 0.02434465219959335 0.02904283400508386 0.019617113087245158 0.024334866430640787
8439 0.02450531100258494 0.0289764513424276 0.01960596940312251 0.024362577249378348
8449 0.024274297829976157 0.02884855436713183 0.019594616507965987 0.02423915623502466
8459 0.024277455223554865 0.02879840930704289 0.019598040718120328 0.024224635082906027
8469 0.024217709973448548 0.028729484988502824 0.0195942294089459 0.024180474790299087
8479 0.024207862163243495 0.028678886545887454 0.019515731753435083 0.024134160154188677
8489 0.023998562450674072 0.028598695682345274 0.01952208121007323 0.02403977978103086
8499 0.023799302671960194 0.02858313922115264 0.019504486049344866 0.023962309314152566
8509 0.023735758054171052 0.02856511711937255 0.019468931217735314 0.023923268797092972
8519 0.02379917762392848 0.02853365425127833 0.019471566419257492 0.023934799431488102
8529 0.023797090857520853 0.02854441645680835 0.019441809390394443 0.023927772234907885
8539 0.023675407054206916 0.02848686914477834 0.019425899058597033 0.023862725085860764
8549 0.0237134708105175 0.028319255600151475 0.01943699472533437 0.023823240378667784
8559 0.023641904192561715 0.028332622720465234 0.019423109369073873 0.02379921209403361
8569 0.023576001734232004 0.028322497310895096 0.0194258392103772 0.023774779418501434
8579 0.02433562333266669 0.02831087641563313 0.019393275934589747 0.02401325856096319
8589 0.02345924399650846 0.02829769402472134 0.019424335128622995 0.023727091049950928
8599 0.02360821278020065 0.02827299247477829 0.01939062890058249 0.02375727805185381
8609 0.023294950392788772 0.028282863643521308 0.01939863688076378 0.023658816972357954
8619 0.023374712628720113 0.028264223790981622 0.019375294053173873 0.023671410157625205
8629 0.023324348804431818 0.028256650392374814 0.019372721693522606 0.023651240296776413
8639 0.0232899347501784 0.02821029758892201 0.019347756713516337 0.023615996350872248
8649 0.023266612082129677 0.028177894824189125 0.0193734410876043 0.023605982664641034
8659 0.023198326275829954 0.028087021089501552 0.019348486228938595 0.023544611198090037
8669 0.02311479974658824 0.028036883645739426 0.0193902547987043 0.023513979397010654
8679 0.023039121657816814 0.027903391050118402 0.019264223036796382 0.02340224524824387
8689 0.02352320704078535 0.027810945115882887 0.019272811978495882 0.023535654711721376
8699 0.023098311983528852 0.027780959869187126 0.01929422212397349 0.02339116465889649
8709 0.023117409350606216 0.02775002870367437 0.01923927119395199 0.023368903082744186
8719 0.023120742463889624 0.02773432772368337 0.019298037378781725 0.023384369188784906
8729 0.023013278036300475 0.027698177509167206 0.01923112129924385 0.02331419228157051
8739 0.02298224059571782 0.027690679378878542 0.019257532692886204 0.023310150889160854
8749 0.023026147883489435 0.027711790081490127 0.019219095424851864 0.02331901112994381
8759 0.022926126197006794 0.027730628361333182 0.019234948345459378 0.023297234301266453
8769 0.02285251005965138 0.02771765081996244 0.019239630927796868 0.02326993060247023
8779 0.02283703018077716 0.027595247852056397 0.019163629694504223 0.02319863590911259
8789 0.02282405596224094 0.027556127219211624 0.01915886170874021 0.02317968163006426
8799 0.022811752488448283 0.02749724756423421 0.019142426770243928 0.023150475607642138
8809 0.022801240070553383 0.027475609901646197 0.01916043079755008 0.023145760256583225
8819 0.022784940977607217 0.027468524636318832 0.01912531068928718 0.02312625876773774
8829 0.022848061475358825 0.027377264807221597 0.01910742353151112 0.02311091660469718
8839 0.022752489476209364 0.027336226267636 0.019128035332871794 0.023072250358905717
8849 0.022852203072437436 0.027306042943036114 0.019090564416347953 0.023082936810607167
8859 0.02269556814417293 0.02729116077951848 0.019103787181916833 0.023030172035202745
8869 0.02276786406422945 0.027294919907775845 0.019115153021695155 0.023059312331233484
8879 0.022649827962073838 0.027274606062170366 0.018991799700634214 0.02297207790829281
8889 0.022531826919981034 0.027242234608089135 0.018966232423484115 0.022913431317184763
8899 0.02233133193177413 0.027239979611051096 0.01898219035532689 0.022851167299384037
8909 0.022294591948080925 0.02721596617264507 0.018976422639560224 0.022828993586762075
8919 0.02227161369769465 0.027190608140221957 0.0188894451655839 0.022783889001166836
8929 0.022257819133476946 0.02706536814184527 0.01891040694795003 0.022744531407757413
8939 0.02216846036865231 0.02705846702322823 0.018895478471331308 0.02270746862107062
8949 0.02222123626109168 0.02698035100421733 0.018887882801688155 0.02269649002233239
8959 0.022113342018340656 0.02679425799951964 0.01890282637563818 0.022603475464499492
8969 0.02206127040859226 0.026745718916433812 0.018896511985112788 0.022567833770046286
8979 0.022186823607222867 0.026731395539994474 0.018903174673218816 0.022607131273478718
8989 0.02189718062283556 0.026714028570664943 0.018856366683028328 0.02248919195884294
8999 0.021781423825879918 0.02669733910470148 0.018855870533469203 0.0224448778213502
9009 0.021739135825182745 0.02668276186078665 0.018857994518022562 0.022426630734663985
9019 0.021827171719483417 0.026654137864103512 0.018843458443859467 0.022441589342482134
9029 0.02164762405873436 0.026566675965837172 0.018836660278705605 0.022350320101092377
9039 0.021602333899489425 0.026507301599536008 0.018819923072663582 0.02230985285722967
9049 0.021558360840831473 0.026434844560762363 0.01881497992089901 0.022269395107497616
9059 0.021543273286843485 0.026406171197575976 0.01883668831022842 0.022262044264882624
9069 0.021430017908366822 0.026407567948891146 0.018806920175839736 0.022214835344365903
9079 0.021395138504364333 0.026330970251889636 0.01880400090312274 0.022176703219792235
9089 0.02166207343702357 0.02627222931252764 0.01871965720967195 0.022217986653074385
9099 0.02134365158786275 0.02621855906420383 0.01872980333457843 0.022097337995548333
9109 0.021373023655901567 0.02620824442657426 0.01872222139873084 0.022101163160402223
9119 0.021275671053275668 0.02620124388428279 0.018695366152524415 0.022057427030027624
9129 0.021354648933463272 0.02612594039508031 0.018647899299540593 0.022042829542694726
9139 0.021293453390136444 0.026080803665941732 0.018664336762837814 0.02201286460630533
9149 0.0211896211074103 0.026075419152670698 0.018680233792935628 0.02198175801767221
9159 0.021169768967810473 0.026043513403642853 0.01865449426385793 0.02195592554510375
9169 0.02125697921332872 0.02594422203573934 0.018648040082782515 0.021949747110616858
9179 0.02115055852467873 0.02591532679509796 0.01866475649504431 0.021910213938273665
9189 0.021098117725125876 0.02593341147321961 0.018574514421323466 0.021868681206556315
9199 0.02109967858719592 0.0258756505474164 0.018565272855291932 0.021846867329968083
9209 0.02101274442035645 0.025866380376622367 0.018567494922539573 0.02181553990650613
9219 0.021027099916453365 0.025856983693921882 0.0187123533233867 0.021865478977920644
9229 0.021136515153072404 0.02584114963621571 0.0185191828630273 0.0218322825507718
9239 0.020790916684940673 0.025803226680255906 0.018533386351497264 0.021709176572231283
9249 0.02078278433462113 0.025792767695164667 0.018495999039814442 0.021690517023200084
9259 0.020711477395301724 0.025736254353402578 0.018485612961656912 0.021644448236787073
9269 0.020672026559737506 0.025702178807012362 0.018494954440512003 0.021623053269087294
9279 0.02059096680527725 0.025715323022415228 0.018485899249722226 0.021597396359138234
9289 0.02062697733879459 0.025716222481300535 0.018467549491927426 0.021603583104007517
9299 0.020449194483226584 0.025666266051786162 0.018471950609164633 0.021529137048059126
9309 0.020492015615180787 0.025672880666109607 0.018545791118006468 0.021570229133098955
9319 0.020452405341926903 0.02565821447282352 0.018471843219688384 0.02152748767814627
9329 0.020465184291326075 0.025551030188666484 0.018386288396371783 0.021467500958788115
9339 0.02036540794170203 0.025541432236579186 0.018375356405746605 0.021427398861342605
9349 0.02040002515439561 0.025476304162887663 0.01837789047748206 0.021418073264921778
9359 0.02033463393981973 0.0254702483048954 0.01837226767347342 0.021392383306062846
9369 0.020353682494019854 0.025383323932120297 0.0183778546850324 0.02137162037039085
9379 0.020339140412689825 0.025364599202782282 0.018375031427324655 0.021359590347598923
9389 0.020379950337637214 0.025243244720510347 0.018335935516795222 0.021319710191647596
9399 0.020218800268360943 0.02523684820460976 0.018343512814808123 0.021266387095926275
9409 0.02018030789297785 0.025222303266066507 0.018367224341589126 0.021256611833544492
9419 0.020211128012464302 0.02521747330750207 0.018322651552815244 0.02125041762426054
9429 0.020291985388965064 0.025204803838845945 0.018262145310299037 0.021252978179370014
9439 0.02015038889816379 0.02516205350743431 0.018336664691739325 0.02121636903244581
9449 0.020079110899587325 0.025120117677411357 0.0182635622288468 0.021154263601948494
9459 0.020420580952829864 0.025150868295448228 0.0182602138036225 0.0212772210173002
9469 0.020046626166416885 0.02506800116950932 0.018267613556818108 0.021127413630914773
9479 0.020089856471485038 0.025018318935792584 0.018243166044808284 0.021117113817361966
9489 0.020096233589440137 0.024920564389266684 0.018235369756687266 0.02108405591179803
9499 0.02005263715580901 0.02489102028885981 0.018234296638728394 0.021059318027799073
9509 0.020006902644879625 0.024847101102620724 0.018240891342303427 0.021031631696601258
9519 0.019945598031836227 0.024814408724357122 0.01819653969969978 0.02098551548529771
9529 0.019956015156593034 0.02481308002773925 0.01822546973603319 0.020998188306788488
9539 0.019899192113715946 0.02476656838351611 0.018168973326516357 0.020944911274582808
9549 0.020001923883153486 0.02467150432929687 0.018181791697492965 0.020951739969981106
9559 0.019843267347518463 0.0246270544005251 0.01817266532382606 0.02088099569062321
9569 0.019916473746897048 0.02462364002031651 0.018170531550803882 0.020903548439339146
9579 0.01988112155513959 0.024613251729289708 0.018194616645237673 0.020896329976555657
9589 0.01982960026658741 0.02460985754693706 0.018152148152707208 0.020863868655410556
9599 0.019853219531319126 0.02459843144631274 0.018140999455318076 0.020864216810983313
9609 0.019872211789086203 0.024580756085458542 0.018075933513324847 0.020842967129289864
9619 0.019843448330795325 0.024566969138682924 0.018076465669083348 0.0208289610461872
9629 0.019788645299202837 0.024578802846626287 0.018069215353672053 0.020812221166500392
9639 0.02000841643575361 0.02455588624922103 0.018045675198797465 0.020869992627924036
9649 0.019765629398052785 0.024541196781840333 0.01804541423526405 0.020784080138385726
9659 0.01980279291104853 0.024540420228620626 0.018040947406790582 0.020794720182153247
9669 0.019751112096158187 0.024531697127016257 0.018036949488247432 0.020773252903807292
9679 0.01969220017734878 0.024518191127363132 0.018124735451229525 0.020778375585313813
9689 0.019705060507531857 0.024484793796085563 0.01798276499008552 0.020724206431234314
9699 0.019752683491844156 0.02447919999872158 0.017979807114378996 0.020737230201648246
9709 0.019726284493609348 0.024489255480992993 0.017981729788377684 0.020732423254326674
9719 0.019641784162898863 0.024429585614381202 0.017955290776244387 0.020675553517841484
9729 0.01959102098121555 0.02442390971770079 0.01794303291032127 0.020652654536412535
9739 0.019587826985010843 0.024377649695236647 0.01792078828289765 0.020628754987715044
9749 0.019515651502721172 0.024315999108978067 0.01790786184841998 0.020579837486706404
9759 0.019478892086286705 0.0243080806400183 0.017902252441835735 0.020563075056046914
9769 0.01953253499960715 0.024310275001740173 0.01789927446041791 0.02058069482058841
9779 0.01946300808148944 0.024287772086159207 0.017898662516392456 0.0205498142280137
9789 0.019511002995337173 0.024276117834667262 0.017895915342925263 0.020561012057643234
9799 0.019559215670381033 0.024288080237331817 0.01789155962646068 0.020579618511391177
9809 0.01972369654031294 0.024219337981448062 0.01790591721489004 0.02061631724555035
9819 0.019550003727855318 0.02421436405322606 0.01789901420678011 0.020554460662620497
9829 0.01940554696579908 0.024307708219591845 0.017864623012819793 0.020525959399403573
9839 0.01933638356108372 0.0241560378542474 0.0178657506329382 0.020452724016089774
9849 0.01935291547495869 0.024168698040008183 0.01786048742472828 0.02046070031323172
9859 0.019320298436486506 0.0240800698604847 0.017857580695385213 0.020419316330785472
9869 0.019346313877208105 0.024064734489029842 0.01780790929267793 0.02040631921963863
9879 0.019416614220283426 0.024093828709984492 0.017764329203260317 0.02042492404450941
9889 0.01947099137029204 0.024080317653959817 0.01774560188237302 0.02043230363554163
9899 0.019293814012603862 0.024056684652915324 0.01773050795996841 0.020360335541829196
9909 0.019277749912950306 0.023988896212399344 0.017719688048843347 0.020328778058064333
9919 0.019190112092494976 0.023991827283737575 0.01771689973857899 0.020299613038270513
9929 0.01919202267438041 0.023978577613973793 0.017703841849582538 0.020291480712645582
9939 0.019152281964243446 0.023909654877186656 0.017711857030602112 0.020257931290677406
9949 0.019194181704442852 0.023906234488327335 0.017698503085261448 0.020266306426010548
9959 0.019160607849870077 0.02387337549088331 0.01769994793878722 0.02024464375984687
9969 0.019159840360793816 0.023878681219341915 0.017693611798860736 0.02024404445966549
9979 0.019139131101848488 0.023876203429871158 0.017685664508400107 0.02023366634670658
9989 0.019003555611283387 0.023862184368508954 0.017666197415256393 0.020177312465016247
9999 0.01896599713820391 0.023841478677952253 0.017665185114666453 0.020157553643607537
