idx cobyla_1 cobyla_2 cobyla_3 cobyla_mean
0 148.5922195499366 75.71422885456707 142.77855320944488 122.3616672046495
1 156.26951067425136 46.23335604133473 29.841222674813377 77.44802979679982
2 78.91342465199808 4.240245572744829 4.090189364282667 29.081286529675193
3 147.0753003765199 52.38933699508391 22.35771035463786 73.94078257541389
4 157.988276276516 29.12080648842765 28.370274451215963 71.82645240538653
5 196.3970337467337 3.59425893300663 18.09959743626426 72.69696337200155
6 186.77397002949274 9.361103169416115 69.65456303253 88.59654541047962
7 51.30858083696154 10.38476040814568 14.383620753738457 25.35898733294856
8 13.902777320618222 5.696126277419357 32.50623322553417 17.36837894119058
9 5.533249030998752 3.028099553774475 13.024630789927084 7.195326458233436
10 3.2036531095614422 3.050546071099763 7.036168275045055 4.43012248523542
11 1.727580568757043 3.959455085305124 6.2194166986284944 3.968817450896887
12 12.47568451920693 2.440739666382501 3.471342232480465 6.129255472689965
13 7.62299339111568 1.9231487602268573 3.6947205636891063 4.413620905010548
14 1.4060168884942363 2.458789081964445 6.713130376714865 3.525978782391182
15 2.3109453219917055 2.14064683752638 7.658308891623413 4.036633683713833
16 2.1651133666453704 1.91917590411746 5.021808074598834 3.0353657817872217
17 4.970319054361876 10.855455154414742 4.574648658801187 6.800140955859269
18 1.277375061838693 2.330296188535841 6.192854615871639 3.2668419554153907
19 1.067559677007079 3.9619710228421816 3.9547343106103225 2.994755003486528
29 28.446504301101566 17.766061214930595 31.47676360945632 25.896443041829496
39 0.952971554950033 1.0868994623684145 3.8571880562737926 1.9656863578640802
49 2.3867630984391535 93.0496916837794 48.6577514659405 48.03140208271969
59 34.37031712754708 20.96279053470885 6.624761732187061 20.652623131480997
69 0.8234459942415127 2.7565737712248213 1.3645579653513307 1.6481925769392216
79 3.5904309118033746 5.118887464349697 0.9297801878046513 3.213032854652574
89 0.8604568952453777 1.2834761945517226 0.9596770506655191 1.0345367134875396
99 9.555282472747916 3.7510194591386563 12.24886596172625 8.518389297870941
109 3.848972250076513 2.823506544440272 4.0428107969730736 3.571763197163286
119 0.7944266603039211 0.8830800791258231 0.7742729964763735 0.8172599119687058
129 0.9165625574959697 0.8903924276852638 0.7639247020281265 0.8569598957364534
139 0.8332650510034081 0.9571763796116345 0.8602803315370129 0.8835739207173519
149 1.2322833529356807 1.5557422218012666 0.8832887364906432 1.2237714370758634
159 0.9031760021373025 1.5429468784360059 0.7332699426343929 1.0597976077359004
169 0.8457366940108249 0.9615884781555414 0.8657894224043696 0.8910381981902452
179 1.3026197712374081 2.1805816742173767 0.7439219945487952 1.40904114666786
189 1.6493871968519485 0.8395219635634533 0.7546775031941428 1.0811955545365148
199 1.1526534918328388 0.9091525910620685 0.8193594074010068 0.9603884967653046
209 1.0670975893067578 1.3966396027750325 1.2414195661322904 1.235052252738027
219 1.0760234773043584 0.8237129854320284 0.7298391067171198 0.8765251898178356
229 1.5740863626195836 0.8336686505902492 0.7187877400902196 1.042180917766684
239 2.545182315087982 1.0288576138917467 0.9007253097591579 1.491588412912962
249 4.439364602941889 1.5568333343909249 0.7397682366501077 2.2453220579943074
259 1.6601513357351816 1.9161409955555058 1.3516567924380505 1.6426497079095792
269 0.9301032934324642 2.811383324849224 0.9352459778670977 1.5589108653829287
279 0.8656621480344682 0.923169583526619 0.7880666646631811 0.8589661320747561
289 1.1521919079668312 0.8379520812318768 0.8789411650429972 0.9563617180805685
299 0.8580093568498318 1.5374955721161072 0.8057459324638655 1.0670836204766017
309 0.8124233935208739 1.370972991604519 0.7480447138166586 0.9771470329806838
319 0.788466088047437 0.9992324750957042 0.7511674908185997 0.8462886846539136
329 0.7858367567776191 0.948398249715584 0.7901885087882091 0.8414745050938041
339 3.0152263844971277 8.352074998023971 2.644326722000492 4.670542701507197
349 0.9531902872681984 1.1956795869297665 0.9011377576293939 1.0166692106091195
359 0.7812657579433278 1.1882314704664991 0.9016463635365329 0.9570478639821199
369 0.7473974634735683 0.8940881136503922 6.076177155508108 2.5725542442106897
379 0.6828157196660841 0.9608653580014448 1.0567520939582724 0.9001443905419336
389 3.9329673636275775 1.3959694568611807 1.0283950664605046 2.1191106289830874
399 2.670669076585953 1.3167852050368802 3.6274055190569374 2.53828660022659
409 0.6873948236585252 3.6111259532874502 0.7535598686976038 1.6840268818811932
419 1.4693125116754184 0.9667735490572873 2.4921791232447763 1.6427550613258273
429 0.9198151247780095 1.2670720922923362 22.97224161116959 8.386376276079979
439 0.6684225022497796 1.7838826864985962 2.0870678911249314 1.513124359957769
449 1.4645777267139781 0.9268478222235141 0.7012560215195024 1.0308938568189983
459 0.6653721508753956 0.7187168487997643 0.6899957256467567 0.6913615751073054
469 0.6653721508753959 0.7161680071532216 0.689995725646756 0.6905119612251246
479 0.6850377311119559 0.7177543933413403 0.862809466565874 0.7552005303397235
489 0.6959329219720146 0.7156373581515771 0.7025967161143819 0.7047223320793244
499 0.8010963136537828 0.7363734871102079 0.789352380870151 0.7756073938780471
509 2.1874536080772407 0.7537229459014068 0.6880262785188621 1.2097342774991697
519 0.6913012839054473 0.7238642244255279 0.7374237346653283 0.7175297476654344
529 0.7192041183756184 0.6996150747581328 0.7990437970966642 0.7392876634101384
539 0.6935359854055436 2.4617527851127052 0.6854155518954161 1.2802347741378883
549 0.6728338067074718 2.276307759034813 0.6935882195400611 1.214243261760782
559 0.6901694290380228 1.7936756271554282 0.6794478300919876 1.0544309620951462
569 0.6656310008479968 0.7088585650774459 0.6840110200183351 0.6861668619812592
579 0.7169483775503236 0.8597765419554168 2.4481364321040013 1.3416204505365805
589 0.6953929320727996 0.7005156709582464 1.3016769637067998 0.8991951889126152
599 0.6655573511799555 0.8547269794832708 1.2478183219308616 0.9227008841980293
609 0.6621200470674968 0.6972309968423364 1.0204667612335403 0.7932726017144578
619 0.7282773404130738 0.7076967193762946 0.7380863766455559 0.7246868121449749
629 0.6589691307886141 0.6986666781155865 0.7368088501679904 0.6981482196907303
639 0.8214275297831433 21.821663919464644 0.7015392699410591 7.781543573062948
649 0.6603339537427061 4.644126498099474 0.7966898163345144 2.033716756058898
659 0.6609127530659301 0.9454132249811057 0.7695208218965339 0.7919489333145232
669 0.6628872396759282 1.0184144981295027 0.6965209364801265 0.7926075580951858
679 0.6928363359762829 0.754318594613436 0.7071239802216136 0.7180929702704443
689 0.6593505854697252 0.7144531390430146 0.686935429768568 0.6869130514271026
699 0.7837052574499589 1.3318710640410503 0.6971563606857853 0.9375775607255982
709 1.4836310554602337 0.7480896556843387 0.6943429488537065 0.9753545533327596
719 2.614714100132789 1.0506533995259912 0.690405315278848 1.4519242716458758
729 0.7339166688137473 1.2160197151516243 0.6824603775944396 0.8774655871866037
739 0.660987494262347 1.027850680848069 0.6847898941921565 0.7912093564341909
749 0.6684594025874669 0.8029973517973904 0.696695813877343 0.7227175227540669
759 1.3705091818050987 0.7573207880900007 15.396181035136083 5.841337001677061
769 2.04361889487088 0.701584975418186 4.106870737288873 2.2840248691926464
779 0.6724308978160993 0.6901492814523309 0.7493639913542057 0.7039813902075452
789 1.3649266917919631 0.7448670831831267 2.803703150991714 1.6378323086556013
799 0.6701335921332016 0.6721416076120302 0.7073440898087525 0.6832064298513281
809 0.8923647803594171 0.9847263683203723 0.6978045300456099 0.858298559575133
819 1.4265853333808713 0.7009843822917765 0.6571268167844795 0.9282321774857091
829 1.2591874020712852 0.7790988874756194 1.2913720673179618 1.1098861189549554
839 1.1641728537057774 2.912980004693904 0.6625269048656934 1.5798932544217916
849 0.7238030739566742 0.7720502853571274 0.6577686748845318 0.7178740113994445
859 0.6795409542119598 0.8359762168261997 0.6717658113764725 0.729094327471544
869 0.6662758652345601 2.4165654194929007 0.6589145689610527 1.2472519512295046
879 9.250485650080996 1.5590624868931457 0.6607012358903441 3.8234164576214957
889 2.50473681374838 1.2346718049723915 1.6300616469590858 1.7898234218932858
899 1.3460824840387442 0.7263591101037581 1.1343176816583374 1.0689197586002799
909 2.005866874083934 0.9533420181623911 0.7023956697966297 1.2205348540143184
919 0.6744976234012254 1.0632356304669641 0.6810848610244076 0.806272704964199
929 0.710528441747546 0.775716194108053 0.7582276989341113 0.7481574449299034
939 0.664387603765515 0.7481044301339177 0.7151078411282633 0.7091999583425653
949 14.99505778192101 0.7286087797105676 1.7009893452377902 5.808218635623123
959 6.230686105158936 1.4016352892766508 1.308763553091656 2.980361649175748
969 1.1269674325603296 1.437123895669555 0.8690631045429962 1.1443848109242936
979 3.6175471461564555 1.836752986981784 1.1963163777165087 2.216872170284916
989 2.901628005220631 3.3175775227806605 71.9285543651586 26.049253297719968
999 0.6668376135644903 0.679457360600985 30.294309284378357 10.546868086181277
1009 1.1169707590078373 5.702133804467019 1.632036799985977 2.817047121153611
1019 0.7188399918172259 0.7907018546794089 0.6694538962047251 0.7263319142337866
1029 4.980308515346215 0.9671128354562102 0.8258506479134986 2.257757332905308
1039 4.264439950765658 9.09459287536986 1.1726776739171658 4.843903500017562
1049 0.672542626210831 1.341658560649442 1.3146880811819999 1.109629756014091
1059 0.6673129473736192 1.3187170599857532 0.6564208838468655 0.8808169637354126
1069 0.6997614656201855 0.6749214522652947 0.66027644349988 0.6783197871284533
1079 0.6711616105980672 0.9255587045310153 0.6612596266553911 0.7526599805948245
1089 0.6791445970077157 0.9142136586489106 0.6632002729276213 0.7521861761947491
1099 0.6708532972313396 0.6779137906550448 0.6931784843272433 0.6806485240712092
1109 0.6614512134845315 50.70034645503197 4.984653812336219 18.782150493617575
1119 0.6574512878074714 0.9011203068433212 0.6548062476909792 0.7377926141139239
1129 0.6623473480664972 4.328018744975125 0.6579185398864585 1.8827615443093604
1139 0.656605202036176 1.5230279396221766 0.6543627436475954 0.9446652951019826
1149 0.6613045323762916 0.7137807123889669 0.6878714667275074 0.6876522371642553
1159 0.6976153234130908 0.6732342260109069 0.8824567100437024 0.7511020864892334
1169 0.6932568344418976 87.07330107233692 0.7377230692502513 29.501426992009687
1179 0.6991601392800342 89.16313108281864 0.6752883098343606 30.17919317731101
1189 0.672648152721679 0.7157086248622828 0.6537073951440515 0.6806880575760044
1199 0.665310506693811 0.6752084112760606 0.6557832119950552 0.6654340433216422
1209 0.6564437535711817 0.6674341078037266 0.6546000916765988 0.659492651017169
1219 0.6564974388545097 0.667115075732017 0.6527824021106532 0.6587983055657266
1229 0.6559590026175989 0.6912429480966623 0.6543746693853981 0.6671922066998864
1239 0.6561050950383467 0.6677412231790554 0.7277850517171611 0.6838771233115212
1249 0.6556209547202794 0.664115020791375 0.6625336477734349 0.6607565410950297
1259 0.6558851622182535 0.7617373010500851 0.6532214581180475 0.6902813071287953
1269 0.7402554281590226 0.7144884808442981 0.6580600305225741 0.704267979841965
1279 0.6701778024053593 0.6745070349159271 0.6534992865360321 0.6660613746191062
1289 0.6970657253960701 0.6663935539745284 0.6721200109342521 0.6785264301016168
1299 0.655639691195026 0.6621266936511633 0.652812733017216 0.6568597059544684
1309 0.6633567429980293 0.7010171384359358 0.6549544369122839 0.6731094394487496
1319 0.6620777209140583 0.6940103174904337 0.6549052415654741 0.6703310933233221
1329 0.6552430967064924 0.6671772839601714 0.653732640179538 0.6587176736154006
1339 0.6555572784888645 0.6620966632946083 0.6582652865859436 0.6586397427898055
1349 0.6549186819625331 0.7869182486973993 0.654223306941365 0.6986867458670991
1359 0.6561792521696125 0.6655653723318885 0.6527878511735392 0.6581774918916801
1369 0.654874732409456 0.6781256153173267 0.6525253554918181 0.6618419010728669
1379 0.7212891014194365 0.7871923831424953 0.6529061395891876 0.7204625413837064
1389 0.7842792750288718 0.6788006788732945 0.6519165997717786 0.7049988512246483
1399 0.6545629741766477 0.6784429335964827 0.6534763545712656 0.6621607541147987
1409 0.6592570831785978 0.6653124987690688 0.6518202039510484 0.6587965952995717
1419 0.6621479402024238 0.6899407009252715 0.6684255044945087 0.6735047152074013
1429 0.6542904509014569 0.6686190144251521 0.6566335029140192 0.6598476560802093
1439 0.7998656438170892 0.6657026778145851 0.6513685405699007 0.7056456207338583
1449 0.6580113287654409 0.6631512801203713 0.6556524119387497 0.658938340274854
1459 0.6563373853185442 0.6722734964080607 0.6518211193581421 0.6601440003615823
1469 0.8721734094262839 0.6835980378422508 0.6494548457039928 0.7350754309908426
1479 0.7171882868284751 0.6666190777968726 0.6521836896485583 0.6786636847579687
1489 0.6567653746223849 0.6694122802101953 0.6559488789325422 0.6607088445883741
1499 0.6555373561830031 0.6651780262465238 0.6513646610534893 0.6573600144943388
1509 0.6560127837413917 0.6795778554106906 0.6531342000994284 0.6629082797505035
1519 0.6546060927971197 0.6863912049246149 0.649920695240234 0.6636393309873229
1529 0.6569349301790783 0.6631343745116586 0.6513967861381385 0.6571553636096251
1539 0.759125460828228 0.6632882146672204 0.6499920498434528 0.6908019084463004
1549 0.6749354802112718 0.6648503712540905 0.6481985261687109 0.6626614592113577
1559 0.6705450972729523 0.6619967211008476 0.6613481609861285 0.6646299931199761
1569 0.728051435787398 0.6777657060718899 0.6502304472492635 0.6853491963695171
1579 0.6557466405734381 0.6620649362364214 0.6480437850325769 0.6552851206141455
1589 0.6633499551222848 1.0456635584906182 0.655230348104973 0.7880812872392919
1599 0.654151219598393 1.1006241597099253 0.65184691403093 0.8022074311130828
1609 0.7363325490017044 2.431432562038336 0.6469595752221833 1.2715748954207413
1619 0.8691071211067054 0.6818725737185393 0.6531115876644317 0.7346970941632255
1629 0.7020769526487303 0.6632986073119913 0.9252323238027383 0.7635359612544866
1639 0.6616406455320558 0.6727644431476314 0.6558886478863846 0.6634312455220239
1649 0.6766079882951875 0.9937602932488765 0.6558842317115001 0.7754175044185213
1659 0.664636737666758 0.6647046262951944 0.6468931101243055 0.6587448246954194
1669 0.6650890647803959 0.711802510334382 0.6456272431890232 0.6741729394346003
1679 0.6558708548442373 0.665452211259136 0.6443343974730673 0.6552191545254803
1689 0.6538883097390752 0.6658187549475687 0.6491554902461172 0.6562875183109204
1699 2.077803054147297 0.6626659261639573 0.642846312860818 1.1277717643906906
1709 0.7913777429549795 0.761673105707138 0.6435213538916204 0.7321907341845794
1719 1.300990136632877 0.6699472344756701 0.6455016800102369 0.872146350372928
1729 0.7452248092507288 0.8406991397216043 0.6428232766569898 0.7429157418764408
1739 0.6954345887352273 0.726651456991022 0.6446918803559004 0.6889259753607165
1749 0.6547542405626139 0.6996611946222192 0.6426101100383441 0.665675181741059
1759 0.7051564223913281 0.6693870685214527 0.700307446065961 0.691616978992914
1769 0.6995455461193562 0.6690579352415849 0.6419602620328274 0.6701879144645896
1779 0.6575156996373642 0.6625071562559669 0.6423587628703714 0.6541272062545676
1789 0.8172205709806047 0.6619104782580212 0.6494271587599884 0.7095194026662047
1799 1.869704886963592 2.538596318208998 0.6546015076652291 1.6876342376126063
1809 2.134510836699632 0.661980534550955 0.6435580669967425 1.1466831460824431
1819 0.6540848868300506 0.6632145621392201 0.6430410097407697 0.6534468195700135
1829 0.6536555324778341 0.6621397974080723 0.6436884988220595 0.6531612762359886
1839 0.6532277345619176 0.6621217519646303 0.6411401176196974 0.6521632013820817
1849 0.6532297351411892 0.661886646806842 0.6420706586924624 0.6523956802134978
1859 0.6534244936941073 0.6616098656188758 0.925008574961527 0.7466809780915034
1869 0.6576107964018952 0.6615224826506783 0.7105599777107027 0.676564418921092
1879 0.655644761333909 0.6634678692933471 0.6563036136291052 0.6584720814187871
1889 0.6530569931695956 0.6616226444260515 0.6443724716036944 0.6530173697331138
1899 0.6556034182549214 0.6617116135916233 0.6411671600413998 0.6528273972959816
1909 0.6586365457071484 0.6615014024708538 0.6427123570061806 0.6542834350613943
1919 0.6533030710438255 0.6618401308174015 0.6450409581492028 0.6533947200034765
1929 0.6530903398122034 0.6614883835503954 0.6611171990984084 0.6585653074870024
1939 0.6529979277368961 0.6614461085794406 0.6414319409714477 0.6519586590959282
1949 0.6533548116340377 0.6615530304896313 0.6453643339198434 0.6534240586811708
1959 0.6551611610983306 0.6615922083098409 0.6405974179871834 0.6524502624651183
1969 0.6528833535086995 0.6614019556210815 0.6400580423288948 0.6514477838195586
1979 0.652898347505319 0.7133102571969092 0.6408644618029551 0.6690243555017278
1989 0.6533949729948813 0.698437587243917 0.6480534363933431 0.6666286655440472
1999 0.6530474708207563 0.6689789699526919 0.70397296925809 0.6753331366771794
2009 0.6525638126122416 0.661417506011349 0.6382220707427713 0.6507344631221207
2019 0.6524682930119632 0.6614345796173856 0.6366110633779284 0.6501713120024258
2029 0.6637727608843261 0.6614513163943104 0.6368653197397329 0.6540297990061231
2039 0.6523495572907794 0.6613916128294862 0.6363564751594682 0.650032548426578
2049 0.6523783067662073 0.6613101739111071 0.6500946254100848 0.6545943686957997
2059 0.6567456077157848 0.6731855737209642 0.6369882057445818 0.6556397957271103
2069 0.6523905688394827 0.6612821426510443 0.6362827936088615 0.6499851683664628
2079 0.6522819671901169 0.6613462462841426 0.6407952316089651 0.6514744816944082
2089 0.6522873208392461 0.6612771922968601 0.6372384437790399 0.6502676523050487
2099 0.6523206399117752 0.6614591543763868 0.6385847023655323 0.6507881655512314
2109 0.6530316343290984 0.661180287011683 0.6353839637006403 0.6498652950138072
2119 0.6520521650912637 0.6611723165124517 0.6441373439643862 0.6524539418560339
2129 0.6560332055868698 0.661154209230396 0.6349142249946124 0.6507005466039595
2139 0.6523056295281854 0.6629722448469466 0.635875032028593 0.650384302134575
2149 0.6520692841943286 0.6612306899108154 0.6364248149977803 0.649908263034308
2159 0.6518945306745247 0.6614287084264522 0.6402800609912862 0.6512011000307544
2169 0.6517300417128179 0.6643240254306488 0.6346961071548956 0.650250058099454
2179 0.6517652103502899 0.6612968969004842 0.6415424275993529 0.6515348449500423
2189 0.6520566805665224 0.6612006778649882 1.264152682564473 0.8591366803319946
2199 0.6514823413613148 0.6610462728476488 0.8210556856028213 0.7111947666039283
2209 0.651353317968023 0.6610716886231689 0.6661157873843992 0.6595135979918637
2219 0.6517025971911502 0.6611558668149606 0.6393946786802005 0.6507510475621038
2229 0.6512060983904272 0.6611351438924955 0.633024762446845 0.6484553349099226
2239 0.6515874276786732 0.661054792861811 0.6337587216444991 0.648800314061661
2249 0.650743811366879 0.6664839296243564 0.6350351912858625 0.6507543107590327
2259 0.6532188730423021 0.6610131993860308 0.727521737219425 0.6805846032159192
2269 0.6507020036785193 0.6610732052919643 0.671962167885083 0.6612457922851888
2279 0.6506060913083357 0.661279706698068 0.6357597399335599 0.6492151793133213
2289 0.6509160994143756 0.6609936783250092 0.6424135424655399 0.6514411067349749
2299 0.6506611466824886 0.6621004496103414 0.6350124746408975 0.6492580236445759
2309 0.6505086125991314 0.6612111798598457 0.6353821367916201 0.6490339764168658
2319 0.6505510720833452 0.661008310323034 0.63567770035263 0.6490790275863364
2329 0.650510195734904 0.6610155475860333 0.6313399929614156 0.6476219120941177
2339 0.650422943215672 0.6610195845762815 0.6300324528002204 0.6471583268640579
2349 0.6503433371340424 0.6609331181465631 0.6402177747979747 0.6504980766928601
2359 0.6507908530743362 0.6608840028888394 0.6277628826181242 0.6464792461937665
2369 0.6995629408625018 0.6607936135516145 0.625905235733729 0.662087263382615
2379 0.6605224662967729 0.6610521029846071 0.6274902862307823 0.6496882851707207
2389 0.6500471080908155 0.6608198841372975 0.625007529649941 0.6452915072926846
2399 0.6500218032219336 0.6812795841186657 0.6237528516159054 0.651684746318835
2409 0.650095584928111 0.6612064231388215 0.6223459186734714 0.644549308913468
2419 0.6498016526014326 0.6608317719910569 0.6227690817156531 0.6444675021027142
2429 0.6498609291044742 0.6608324599022258 0.623698320820372 0.644797236609024
2439 0.6497925280849032 0.6609174089487011 0.6203592677199619 0.6436897349178553
2449 0.6496670743058088 0.6606033197085738 0.6276060887966746 0.6459588276036857
2459 0.649598607759019 0.6605129503857251 0.6224064630044868 0.6441726737164103
2469 0.6495842285567844 0.6605267441739066 0.6192698192548187 0.6431269306618366
2479 0.6495645773392187 0.6606339729501807 0.6425363617291081 0.6509116373395024
2489 0.6493188983209874 0.6606120684295163 0.6274548910740708 0.6457952859415248
2499 0.6491773873484449 0.6606618802213657 0.6213136678990813 0.6437176451562973
2509 0.6494586140866005 0.6605165429312803 0.6356478136395967 0.6485409902191591
2519 0.6487431105750072 0.6610628688850572 0.6338989960751804 0.6479016585117483
2529 0.6492855662383975 0.6606349215982354 0.6281829607139051 0.6460344828501793
2539 0.6486299324894602 0.6605213635642506 0.631427024368447 0.6468594401407193
2549 0.6484122678972906 0.6605124363608404 0.6205660136375016 0.6431635726318775
2559 0.6492321821229514 0.6604862766716375 0.6172885666685637 0.6423356751543842
2569 0.6481347195519654 0.6604866878409686 0.6171247310277933 0.6419153794735758
2579 0.6484393373584609 0.6605277324701289 0.6292009150397708 0.6460559949561202
2589 0.6481345873905245 0.6613146946103511 0.6178681058219448 0.6424391292742735
2599 0.6479723965572082 0.6605555063835231 0.6322756444486868 0.6469345157964727
2609 0.6524517868396077 0.660353810815852 0.6201755803517329 0.644327059335731
2619 0.6485239357686867 0.6613317459540365 0.8529846061067672 0.7209467626098301
2629 0.6481363493885482 0.6603475745785172 0.6363309510321723 0.6482716249997459
2639 0.6488148851540706 0.6603507944330332 0.6240637174779015 0.6444097990216684
2649 0.6479196069625911 0.6602988808588969 0.6196217116735174 0.6426133998316684
2659 0.6477566855387485 0.6602769991011211 0.6163447713462115 0.6414594853286938
2669 0.6477017313811048 0.66032475361718 0.6162730093155165 0.6414331647712671
2679 0.6479632603750433 0.660291509236791 0.6259894319371078 0.6447480671829807
2689 0.7117275813124879 0.660437502643483 0.6228258033960135 0.6649969624506614
2699 0.6659935227362583 0.660245244306513 0.6149485414438113 0.6470624361621943
2709 0.6476520830290644 0.6601458064872031 0.62305081790678 0.6436162358076826
2719 0.6482245112662532 0.6600953507629969 0.6132959552505884 0.6405386057599461
2729 0.647874863842737 0.6601733061412627 0.6115278363209556 0.6398586687683184
2739 0.6481770682790888 0.660172261118641 0.6134468119733516 0.6405987137903605
2749 0.6475839137752293 0.6601183479080736 0.610876410788912 0.639526224157405
2759 0.6476049112041072 0.6605434863592754 0.6090657777484301 0.6390713917706042
2769 0.6473412809775673 0.6600337218814165 0.6119663110479966 0.6397804379689934
2779 0.6473591689420037 0.6600380541960175 0.6137385382644067 0.6403785871341426
2789 0.6471110148036332 0.6599932970642604 0.6109265788343304 0.6393436302340746
2799 0.6470475570822165 0.659975610356827 0.6182723468935103 0.6417651714441847
2809 0.6471890258570242 0.6603646228800829 0.6089593758145719 0.6388376748505596
2819 0.64700981765611 0.6600015271599525 0.6094036664882493 0.638805003768104
2829 0.6467246025856396 0.6600031537443046 0.6146194536638369 0.640449069997927
2839 0.6467289534646354 0.6601293369634361 0.6079691088798942 0.6382757997693219
2849 0.6468684739964755 0.6599844035650406 0.6076619401403284 0.6381716059006148
2859 0.6462900076996972 0.660295185261519 0.6271064046743443 0.6445638658785202
2869 0.6478764127591482 0.6601783619242562 0.6078272615244048 0.638627345402603
2879 0.6462616070934928 0.660215578943684 0.6120913900378552 0.6395228586916774
2889 0.6461064197141725 0.6599441471705402 0.6052708311831836 0.6371071326892987
2899 0.6460515883297544 0.65982537235937 0.6065016983529689 0.6374595530140311
2909 0.6460534474590972 0.6598602905518055 0.6114661858155028 0.6391266412754685
2919 0.6462311678766949 0.659717385179712 0.6084600660633661 0.6381362063732576
2929 0.6680992081015007 0.6598869291217149 0.605481919741573 0.6444893523215961
2939 0.6486774990755603 0.661402545212612 0.6064619275993982 0.6388473239625235
2949 0.6455387654297452 0.6599134347056891 0.6182680791135109 0.6412400930829817
2959 0.6467981497487875 0.6597033061599537 0.605619994471826 0.6373738167935223
2969 0.6453476993108506 0.659645794686422 0.6037638690048408 0.6362524543340378
2979 0.6453043914736043 0.6596388834281869 0.6048241406994551 0.6365891385337488
2989 0.6451811532828996 0.6596789373664648 0.6202866083972283 0.6417155663488642
2999 0.6452457673722571 0.6595740676781274 0.6052064999438841 0.6366754449980895
3009 0.6450895407272722 0.6597296201501037 0.6061908120326746 0.6370033243033503
3019 0.67662033962798 0.6597126572557994 0.6044753264242397 0.6469361077693397
3029 0.6454603763787515 0.6596283123285576 0.6044468677588021 0.6365118521553703
3039 0.6502942536428609 0.6596839797026497 0.6263784563566429 0.6454522299007178
3049 0.6449518287944116 0.6595453817772517 0.6067007412545729 0.6370659839420787
3059 0.644933312111075 0.6598077031522223 0.6023586628993518 0.635699892720883
3069 0.6488419087727727 0.6599174444867144 0.6029459540109041 0.6372351024234638
3079 0.6453085526229452 0.6593829169957004 0.6014399385690362 0.6353771360625605
3089 0.6452984887371781 0.6594583511101002 0.5978330538851131 0.6341966312441304
3099 0.6451310368687737 0.6597748570286284 0.5980408517981747 0.6343155818985257
3109 0.6446498761099173 0.6593657865486017 0.6170918780583852 0.640369180238968
3119 0.6444121017016019 0.6593597008266215 1.6322966448401754 0.978689482456133
3129 0.6445335265559998 0.6595174241479672 0.6635976391915579 0.6558828632985083
3139 0.6440880813757436 0.6594264863156354 0.5962401637860014 0.6332515771591268
3149 0.6442079554310896 0.6593477281524839 0.6032442806329599 0.6355999880721778
3159 0.6438755252511676 0.6592707109104902 0.625931808557291 0.6430260149063162
3169 0.643882886066108 0.6591875833738224 0.5987433281429645 0.6339379325276316
3179 0.6436344207162358 0.6591483205762061 0.6060751814189199 0.6362859742371206
3189 0.6434952945489031 0.6592169922668348 0.5969490832261762 0.633220456680638
3199 0.6434091349738854 0.6599095748960856 0.6013479044084153 0.6348888714261288
3209 0.6440988035866947 0.6592015523431807 0.5988554047516751 0.6340519202271836
3219 0.6437512865272857 0.6591470660362055 0.5961527543356554 0.6330170356330488
3229 0.6429711419646258 0.6600938210019522 0.5938349077667238 0.6322999569111006
3239 0.6432662847573177 0.6596662853576383 0.5934771932423327 0.6321365877857629
3249 0.6431412928306819 0.6591491901610411 0.5947715172340182 0.6323540000752471
3259 0.6562664658441504 0.6597864487360929 0.5972301978082067 0.6377610374628166
3269 0.6426398743348812 0.6593297479973802 0.5925604255563406 0.6315100159628674
3279 0.6428440295866521 0.6595998059925319 0.6244620126421986 0.6423019494071275
3289 0.6425302114867405 0.6590734764756698 0.5961091453174463 0.6325709444266189
3299 0.6424589025682348 0.6590306387606248 0.6013261438446421 0.634271895057834
3309 0.6438488269018212 0.6591080691184623 0.5926447121124918 0.6318672027109251
3319 0.6424051316229471 0.6589614458586391 0.5941942548897053 0.6318536107904306
3329 0.6424364239008158 0.6593211745385112 0.5989805508788608 0.6335793831060627
3339 0.6427387608771946 0.6594409301798783 0.5908733080334209 0.631017666363498
3349 0.6422960566485896 0.6589064401706426 0.5915946234025342 0.6309323734072555
3359 0.6426985469809543 0.659001118339039 0.6070422564655075 0.6362473072618337
3369 0.6423053390712958 0.6592280321833532 0.5917682697174687 0.631100546990706
3379 0.6419279909223617 0.6589328211664389 0.5905394314069081 0.6304667478319029
3389 0.6419380194109956 0.6588921150099559 0.5894804560722461 0.6301035301643992
3399 0.6413741855845958 0.6590744513935315 0.5897420273749856 0.630063554784371
3409 0.6416166546277902 0.6590338864428748 0.5877072956222354 0.6294526122309668
3419 0.6411637464187233 0.6588201728131167 0.5887726575748654 0.6295855256022351
3429 0.6416473516428703 0.6591933729219923 0.5885089865934559 0.6297832370527728
3439 0.6412781137912285 0.6590693706158252 0.5882661011421765 0.6295378618497433
3449 0.640773048895166 0.6588157674279546 0.5959296444514116 0.6318394869248442
3459 0.6406180627842729 0.6586701784045854 0.5890079934010499 0.6294320781966362
3469 0.6404586088788429 0.6589343165190878 0.588759620032716 0.6293841818102156
3479 0.6402274598706333 0.6586744098723104 0.598501672348406 0.6324678473637833
3489 0.6402218233378115 0.658607681126303 0.589762096801201 0.6295305337551051
3499 0.6400698875553532 0.6587477627417807 0.5989358550009358 0.6325845017660233
3509 0.6401312967419172 0.6599651284950319 0.5918897931565125 0.6306620727978206
3519 0.6397726082756686 0.6587339395133628 0.5859900862761602 0.6281655446883972
3529 0.6396547238198277 0.6586774088533078 0.5890608912682535 0.629131007980463
3539 0.6395027730562522 0.6586456282340978 0.5902949186784464 0.6294811066562654
3549 0.6399541572023384 0.6588299612667244 0.588556478196172 0.629113532221745
3559 0.6392849869038819 0.6584791026161579 0.5866978408277508 0.6281539767825969
3569 0.6407383210921314 0.6584583831209146 1.3771459003000692 0.8921142015043717
3579 0.6392543293700439 0.6584856480646009 0.5964229560469658 0.6313876444938702
3589 0.6390093603362548 0.6583091363077472 3.3710095431547145 1.5561093465995721
3599 0.6387754760379013 0.6583294654681983 0.5902971591793269 0.6291340335618089
3609 0.6385938894869696 0.6582702328686315 0.5870674394839409 0.6279771872798473
3619 0.6387479779875938 0.6581236188922663 0.5865734034008099 0.6278150000935566
3629 0.638613241851202 0.6581514580223763 0.6048579615446069 0.6338742204727285
3639 0.6383580992381488 0.6580913010723559 0.6069505745811481 0.6344666582972176
3649 0.6381479660163928 0.6725363961502981 0.6144874419015218 0.6417239346894043
3659 0.8064639528885846 0.6581274546355625 0.5867330840045353 0.6837748305095609
3669 0.6494675910400647 0.659439332242418 0.590541959471213 0.6331496275845653
3679 0.6467023047009158 0.6581671418655881 0.6184339244645789 0.6411011236770275
3689 0.637834045761057 0.658173308091712 0.5908896555080735 0.6289656697869476
3699 0.6378678668507498 0.6582100021896318 0.5840387988230675 0.6267055559544831
3709 0.6377865426120674 0.6581609860754467 0.5863844997081091 0.6274440094652077
3719 0.6377389589620401 0.6579793517555291 0.5959039749405423 0.6305407618860372
3729 0.6373804950297707 0.6580930822123271 0.641366826544086 0.6456134679287279
3739 0.6374474879684725 0.657948664780054 0.6006398800134443 0.632012010920657
3749 0.6372665652513555 0.6581786308031832 0.5845072734462858 0.6266508231669415
3759 0.6377604612716876 0.6578952481612121 0.5868189071274482 0.6274915388534493
3769 0.6369939076383738 0.6583055795121497 0.5885506796804367 0.62795005561032
3779 0.637502543012653 0.6581063931939064 0.5892878793575163 0.6282989385213585
3789 0.6366453079846341 0.6580365239964482 0.7791776563526696 0.6912864961112506
3799 0.6366501971923613 0.6584227288625822 0.5841141525868309 0.6263956928805915
3809 0.6367025361345738 0.6578443949660723 6.065400473986987 2.4533158016958776
3819 0.636667224712002 0.6578242733940209 0.6507540251881958 0.6484151744314063
3829 0.6363849955479116 0.6578261854728092 0.5996354721483467 0.6312822177230225
3839 0.6373267194302286 0.6580516013016805 0.582738069182615 0.6260387966381746
3849 0.6363222994974681 0.6578041289250519 0.5820822396037032 0.6254028893420744
3859 0.6361724744580838 0.6579989358873407 0.5816324911176854 0.6252679671543699
3869 0.6360243884948892 0.6577241418876983 0.5862696968825102 0.6266727424216992
3879 0.6361331183416052 0.6854212916836359 3.6596500979245525 1.6604015026499315
3889 0.636130031086193 0.6581800319665759 0.5976355925293503 0.6306485518607065
3899 0.6360733702428522 0.6574815311604794 0.5954830952690398 0.6296793322241238
3909 0.646624609552342 0.6575331184975305 0.5866087050260523 0.6302554776919749
3919 0.6357858657964153 0.6574864324493961 0.5819749296846631 0.6250824093101581
3929 0.6356679364491851 0.6574644241775675 0.5812088141464149 0.6247803915910558
3939 0.6357081195075412 0.6576634510482701 0.7910901975596645 0.6948205893718252
3949 0.6362670720556854 0.6577343965089996 0.6475330076390294 0.6471781587345715
3959 0.6355242688584645 0.6573301887093917 0.6001170323366087 0.6309904966348217
3969 0.6355282854298522 0.657468128929844 0.5851712356264971 0.6260558833287311
3979 0.6355427769308544 0.6572866190657363 0.5808221735815706 0.6245505231927204
3989 0.6353004320793174 0.657810121373655 0.6219859710532523 0.6383655081687415
3999 0.635036782545782 0.6578541875064279 0.5870906867557397 0.6266605522693166
4009 0.6351071503266064 0.6573393833243405 0.5829690986890755 0.6251385441133408
4019 0.6348793068866506 0.6572394499750307 0.5819126215840538 0.6246771261485783
4029 0.6348233324158399 0.6572002532890763 0.5816847762789824 0.6245694539946328
4039 0.6350792963668773 0.6572337094350896 0.5924719611189784 0.6282616556403151
4049 0.6351664258070595 0.6570660380057393 0.9184720720605815 0.7369015119577934
4059 0.6343238095173118 0.657160515315997 0.5870678133150595 0.6261840460494561
4069 0.6344893407393014 0.6569739514366744 0.584034325192453 0.6251658724561429
4079 0.6340635524236828 0.6570409509256628 0.5855446188383414 0.6255497073958957
4089 0.6345172734528934 0.65697259583943 0.5807214416023624 0.6240704369648952
4099 0.6338531382014301 0.6568394894529637 0.5793398092643219 0.6233441456395719
4109 0.6345789281443998 0.6595759814809166 0.5861789917146977 0.626777967113338
4119 0.6338048971657693 0.6568685980243022 0.5804148770192932 0.6236961240697882
4129 0.633609379103266 0.6568415415530143 0.5787261611542226 0.6230590272701676
4139 0.6334679481892967 0.6569412517706719 5.689800817602295 2.3267366725207546
4149 0.6332898164305317 0.6570688107074574 2.3310937039678183 1.2071507770352692
4159 0.6330536560790975 0.6569440197929519 0.5904747409168125 0.6268241389296206
4169 0.6330923073848793 0.6567628723734572 0.5908131778199996 0.6268894525261121
4179 0.6329462046028904 0.6567337226096646 0.5897219321292427 0.6264672864472659
4189 0.6328799216812802 0.6572023762962651 0.5898961778206334 0.6266594919327262
4199 0.6331898904491355 0.6574309271259684 0.5893185884919572 0.6266464686890204
4209 0.6333029227863782 0.6572331557784606 0.5776014540690386 0.6227125108779592
4219 0.6331406295600851 0.6567615515592525 0.6231112699203346 0.6376711503465574
4229 0.6323003509501844 0.6568365445489363 0.5890890318560315 0.626075309118384
4239 0.6323402998557258 0.6569418790614795 0.6165211464896637 0.635267775135623
4249 0.6321748046810501 0.6567051428147629 0.6692111433584285 0.6526970302847471
4259 0.6332137308983271 0.6569103434705829 0.8821960619578499 0.7241067121089199
4269 0.6320385767286592 0.6567484724019556 0.594801226185742 0.6278627584387856
4279 0.632656110520693 0.6568901287324306 0.58309299965509 0.6242130796360712
4289 0.632044351320286 0.6565210984504585 0.5773686406680727 0.6219780301462724
4299 0.6320787667498986 0.6568934557694899 0.5828153704225983 0.623929197647329
4309 0.6346464160393908 0.6562969731606453 0.6256118779850217 0.6388517557283526
4319 0.6371643897964706 0.6562963118486129 0.6280924189413741 0.6405177068621525
4329 0.6320765674329902 0.6564145986197529 0.5791766298999815 0.6225559319842415
4339 0.6318358965090689 0.656243782001807 0.58239218309195 0.6234906205342753
4349 0.6316197050490171 0.6562438646423653 0.5859456507789852 0.6246030734901225
4359 0.6320653328417762 0.6564211563897219 0.5890787650961571 0.6258550847758851
4369 0.6319939538634638 0.656488913844957 0.5798448167268735 0.6227758948117648
4379 0.631502776246251 0.6562092392766115 0.5864654464130185 0.6247258206452937
4389 0.6314639521276826 0.6562273353715236 0.5881829398280168 0.6252914091090743
4399 0.6311017484809427 0.6561319349375084 0.5827283290379807 0.6233206708188107
4409 0.6310609379746145 0.6561471588127533 0.5946809990357327 0.6272963652743668
4419 0.6306702644612527 0.6561255670564773 0.5795167657967504 0.6221041991048267
4429 0.6307365220281106 0.6561957362396472 0.581954832870065 0.6229623637126076
4439 0.6306892134106047 0.6560697974045303 0.5824202036454563 0.6230597381535304
4449 0.6306274004552292 0.6559628969225425 0.5926980213969978 0.6264294395915898
4459 0.6304318171097991 0.6559406020801553 1.8881273914958314 1.0581666035619286
4469 0.6308639323403649 0.6560986425233961 8.67915307387669 3.3220385495801508
4479 0.6300282101028053 0.6558913753550505 8.687322869216425 3.3244141515580936
4489 0.6299288152642794 0.6558747034416361 8.508533376865913 3.2647789651906094
4499 0.6302805939519145 0.6558558954587317 0.5787399612807366 0.6216254835637942
4509 0.6321655098864232 0.6557826770256757 0.57422415975651 0.6207241155562029
4519 0.6297593313885795 0.6558984592040958 0.5745231178492338 0.6200603028139697
4529 0.6295034961468027 0.6558628442291139 0.5741614121363603 0.619842584170759
4539 0.6296384738925999 0.6562102223013414 0.5743126612196154 0.6200537858045189
4549 0.6290677160394238 0.6558075396797706 0.5740907358445032 0.6196553305212325
4559 0.6305216776136796 0.6559184521797969 0.5738848135717463 0.6201083144550743
4569 0.6302564444932567 0.6556972935400356 0.5737192410504409 0.6198909930279112
4579 0.628685340348559 0.6559484077359893 0.5743937577983751 0.6196758352943078
4589 0.6286951621826098 0.6569412617824081 0.5738612131642205 0.6198325457097461
4599 0.6283349005315104 0.655724904457003 0.5733841043059109 0.6191479697648081
4609 0.628136694788873 0.6556971803782836 0.573733317589349 0.6191890642521685
4619 0.6382883285503668 0.6557598104488105 0.5748664159158732 0.6229715183050167
4629 0.6293263861881131 0.655602667634433 0.5733655557492743 0.6194315365239401
4639 0.628149205360142 0.6567762755749748 0.5737333798188418 0.6195529535846528
4649 0.6278586319884543 0.6553708241646099 0.5733100027998407 0.618846486317635
4659 0.6277926539448542 0.6556386357044635 0.5733053808309637 0.6189122234934271
4669 0.6278199404212749 0.6554181459262339 0.5732868031490914 0.6188416298322
4679 0.6284154482812199 0.6554092297855622 0.5772418025202815 0.6203554935290211
4689 0.6281623706113785 0.6557620789365294 0.573491168515274 0.619138539354394
4699 0.6287980636151673 0.6554209713349998 0.5734517109161289 0.619223581955432
4709 0.6270868426832151 0.6553409691327973 0.5731132912807484 0.6185137010322536
4719 0.6273395826809252 0.6554204550298893 0.5739756664326472 0.6189119013811539
4729 0.6271562144614663 0.655336588761343 0.5730107778091854 0.6185011936773316
4739 0.6272436258386657 0.6552383564128982 0.5726085653267453 0.6183635158594364
4749 0.6264459727945185 0.6553185876813633 0.5742340442324988 0.6186662015694603
4759 0.6265006131747256 0.6552637763637611 0.5725269887759664 0.6180971261048177
4769 0.626727846573551 0.6557572693860602 0.5724548568156204 0.6183133242584105
4779 0.6263411825481354 0.6551155019088583 0.5721630661020941 0.6178732501863626
4789 0.626369716344182 0.6553452004334555 0.5719098247240303 0.6178749138338892
4799 0.6269664133288301 0.655077058681586 0.5720459115938515 0.6180297945347558
4809 0.6261523373340453 0.6551595300430411 0.5722443547497467 0.6178520740422776
4819 0.6261452137158153 0.6550089108704966 0.5732925350851362 0.6181488865571493
4829 0.6264981852318295 0.6550860621400552 0.5718786730540866 0.6178209734753238
4839 0.6255749228371945 0.685202266518198 0.5730428053059355 0.6279399982204427
4849 0.6259286700739232 0.6599956252135346 0.5716123749163424 0.6191788900679334
4859 0.6255000744035911 0.6549174521707681 0.5728910889985895 0.6177695385243163
4869 0.6253477592280487 0.6561366656038289 0.5716046157260318 0.6176963468526364
4879 0.6251172498597589 0.6548776599648379 0.5714415764735172 0.6171454954327047
4889 0.6254994874686356 0.6547596443826517 0.5780282937851282 0.6194291418788052
4899 0.6249688705463634 0.6551598441267831 0.5724284864046187 0.6175190670259217
4909 0.624860255433152 0.6550365923470391 0.5712345093177598 0.6170437856993171
4919 0.6250949082611927 0.6547740902508519 0.5719353924593784 0.6172681303238077
4929 0.6253354271434519 0.6553936790798311 0.5722320197233931 0.6176537086488921
4939 0.6248716187858981 0.6558724287531775 0.5710782213623136 0.6172740896337964
4949 0.6251617860338331 0.6551123236604927 0.5710436674576705 0.6171059257173321
4959 0.6266687277109936 0.654675074815082 0.5709999994509409 0.6174479339923388
4969 0.7013783306787351 0.6550481013940495 0.5707411882069334 0.6423892067599061
4979 0.6346854665270175 0.6550401307172234 0.5734029403333384 0.6210428458591931
4989 0.6250633617098751 0.6546867376099542 0.571359811026412 0.6170366367820804
4999 0.6246793690398162 0.6546821520942937 0.57061373080256 0.6166584173122233
5009 0.6241988940788633 0.6546811929908511 0.5706134416217326 0.616497842897149
5019 0.623785185235284 0.6546963015986855 0.5705025572329193 0.616328014688963
5029 0.6235046057158997 0.6692319101939896 0.5704385656121087 0.6210583605073327
5039 0.6231021053370608 0.6549537793418557 0.5708630046466289 0.6163062964418485
5049 0.6235255023779539 0.6553353319498721 0.5703914652237598 0.616417433183862
5059 0.6234870869157302 0.668331948612394 0.5701840939068673 0.6206677098116639
5069 0.623176380621612 0.6546834789737733 0.570558535130551 0.6161394649086455
5079 0.6227907003052928 0.6545927522393712 0.5708804417967507 0.6160879647804715
5089 0.6226881518367166 0.6558314714934401 0.570104192399543 0.6162079385765665
5099 0.6226288510920097 0.654666377392579 0.5716202213644918 0.6163051499496935
5109 0.6225201479794197 0.6545569771275425 0.5700284064479083 0.6157018438516234
5119 0.6225651849174937 0.6579069232784015 0.5699262662983705 0.6167994581647552
5129 0.6220473859415124 0.6669533635075159 0.5712409629384556 0.620080570795828
5139 0.6221289610053063 0.6610391205367147 0.5699285218073201 0.6176988677831137
5149 0.6218576862279664 0.6543628818406342 0.5695387138565209 0.6152530939750405
5159 0.621748674379562 0.6542973287576608 0.5699964747304372 0.6153474926225534
5169 0.6229218878647456 0.6545780753605052 0.5955962320238501 0.624365398416367
5179 0.6209250584244218 0.6548769963136652 0.5715674156406663 0.6157898234595844
5189 0.6208400015776726 0.6552429060597434 0.56952860216615 0.6152038366011886
5199 0.6202137405325676 0.6545148005015475 0.570041413257058 0.6149233180970577
5209 0.6234684234543546 0.6542231593403435 0.5703599318704824 0.6160171715550602
5219 0.619880717588111 0.6541012459077441 0.5693983339421214 0.6144600991459922
5229 0.6199830906757237 0.6543686100558977 0.5694988774536398 0.614616859395087
5239 0.620672424495534 0.6539740824159963 0.5692736585784951 0.6146400551633419
5249 0.6205960198592451 0.6539977864079346 0.5694111456036491 0.6146683172902763
5259 0.6195010133845056 0.7240734212350937 0.570045095910989 0.6378731768435294
5269 0.6196432299585991 0.6539290781152485 0.5694158696791498 0.6143293925843324
5279 0.6192952212684282 0.6539219396474616 0.5697728724910098 0.6143300111356332
5289 0.6195679333233538 0.6559344268900728 0.5693680370051113 0.614956799072846
5299 0.619118616553887 0.6592782089116243 0.5693560505554246 0.615917625340312
5309 0.6198680830813987 0.653987856483389 0.5694958342596463 0.6144505912748114
5319 0.6191386737861679 0.6542584202033651 0.5703262402553795 0.6145744447483042
5329 0.6187160727746408 0.6545641140821487 0.5696620845781303 0.6143140904783065
5339 0.6189995386873742 0.657021249757858 0.5688503256877513 0.6149570380443278
5349 0.6183086555478365 0.6547239771606297 0.5687990823053486 0.6139439050046049
5359 0.6173977030616252 0.6540229984090069 0.5689892706319735 0.6134699907008686
5369 0.6174829518370861 0.6539654131894228 0.5691239283603695 0.6135240977956261
5379 0.617341091420881 0.6557808428372329 0.5689918392443881 0.6140379245008339
5389 0.6169390232936806 0.6542402210933659 0.5688302556195788 0.6133365000022084
5399 0.6194887192929733 0.6540050767099989 0.5692639232555442 0.6142525730861722
5409 0.6170940414055713 0.6537924252640394 0.5689949198378067 0.6132937955024724
5419 0.6171055770112881 0.6539125137728032 0.5686807963768602 0.6132329623869839
5429 0.6172542363426332 0.6536795691836329 0.5686541235764095 0.6131959763675585
5439 0.6164276966334479 0.6548638257347227 0.5687598646213708 0.6133504623298472
5449 0.6164007908821613 0.653624660150164 0.5684051280066518 0.6128101930129923
5459 0.6167502363845169 0.6536654949470805 0.5689856003760511 0.6131337772358828
5469 0.6164721763144395 0.6665340059438132 0.5686469459460072 0.61721770940142
5479 0.6191376185715768 0.6537343162997649 0.5683159519397324 0.6137292956036914
5489 0.6156428181743687 0.6536043531475557 0.5684681546744037 0.6125717753321094
5499 0.6156527540019547 0.6534819168024321 0.5689990199846763 0.6127112302630211
5509 0.6155057074670887 0.6631634037948378 0.5685535325359291 0.615740881265952
5519 0.6148760913016299 0.6784786529830935 0.568061562019758 0.6204721021014938
5529 0.6147657113564101 0.6533430134427065 0.5679972759786576 0.6120353335925913
5539 0.6148718926112202 0.6535954539255752 0.5678844480242647 0.6121172648536867
5549 0.6149936632476306 0.6533667636259576 0.5678932188786111 0.6120845485840665
5559 0.6144574801016324 0.6533097096576582 0.5680181192936008 0.6119284363509637
5569 0.6152231731465865 0.6541538966618988 0.568362889962075 0.6125799865901868
5579 0.6150381706281551 0.6538472895979851 0.5678965752751867 0.6122606785004424
5589 0.6182707163046098 0.6535178910598649 0.5676734044703983 0.6131540039449576
5599 0.6140801868096062 0.6532439238705986 0.5676666128095116 0.6116635744965722
5609 0.6140356441418164 0.6537120275100886 0.5676517890932529 0.611799820248386
5619 0.6133394942986643 0.6531948900489735 0.5747932081753141 0.6137758641743173
5629 0.6130771701898291 0.6536170165647123 0.5686368358608664 0.6117770075384693
5639 0.6130896979028637 0.6537284856552996 0.5676340938326426 0.611484092463602
5649 0.6130824104188254 0.6530894519774341 0.5685434148340769 0.6115717590767787
5659 0.612877963105251 0.653098131058149 0.5674537214432852 0.611143271868895
5669 0.6129054361087798 0.6530477568163542 0.5690243219305484 0.6116591716185608
5679 0.6128405933581391 0.6531435980825909 0.5673987613003392 0.6111276509136897
5689 0.6130407144354999 0.6531951025253054 0.567630986120408 0.6112889343604043
5699 0.6125024884643616 0.6530373798996474 0.5681553649150983 0.6112317444263692
5709 0.6123747114254728 0.6674334209363679 0.5676479981012096 0.6158187101543501
5719 0.6118038098736468 0.6533768960432718 0.5675681663763773 0.610916290764432
5729 0.6119487775620429 0.6555838031251743 0.567740456027586 0.6117576789049344
5739 0.6120157281534963 0.6531406608573291 0.5675482001974029 0.6109015297360761
5749 0.6123514435917802 0.653182860545773 0.5674943432334275 0.6110095491236601
5759 0.6130810357049467 0.6529319922615393 0.5675697743506687 0.6111942674390516
5769 0.6115811308204911 0.6530648823876622 0.5677095311594403 0.6107851814558646
5779 0.6115884470627231 0.65399797146923 0.5675113129277408 0.6110325771532312
5789 0.6111039849314603 0.6812885009985401 0.5678730309184129 0.6200885056161378
5799 0.6113185199295684 0.6529806403417113 0.5669847912304298 0.6104279838339032
5809 0.6104336770129634 0.6530206965884972 0.6297567897845361 0.6310703877953322
5819 0.6106713049325859 0.663421454834569 0.5794134153684039 0.617835391711853
5829 0.6107774092414769 0.6530509355497496 0.5673332647705085 0.6103872031872449
5839 0.610483371532977 0.6526852153737607 0.567426206515846 0.6101982644741946
5849 0.6096688717337372 0.6531764968361173 0.5673302997170062 0.6100585560956203
5859 0.6097881361853169 0.6527317251176235 0.5669148443864628 0.6098115685631343
5869 0.6095355801379871 0.6535275196519508 0.5741592788825511 0.6124074595574963
5879 0.609447442004951 0.6526415273055143 0.5676268424354927 0.609905270581986
5889 0.6093360749317731 0.6526560648775558 0.5667586867434078 0.6095836088509122
5899 0.6093224286226595 0.6523980017182446 0.5664868520198554 0.6094024274535865
5909 0.6091371780823903 0.6703892970134261 0.567020720449323 0.6155157318483798
5919 0.6090229496285583 0.6524368722887274 0.5665397371328367 0.6093331863500407
5929 0.6084999761660556 0.7508867662314218 0.5669680455451589 0.6421182626475455
5939 0.608606823024895 0.7533351014212031 0.5665006848437604 0.6428142030966195
5949 0.6084294346673828 0.6523831758632315 0.5663843498265576 0.6090656534523906
5959 0.6079929888684891 0.6583729644705021 0.5667283211541053 0.6110314248310322
5969 0.6083150023320358 0.6554327756740588 0.5675199598435346 0.6104225792832098
5979 0.6084082341675829 0.6524895602045482 0.5669157623720684 0.6092711855813998
5989 0.6080882743884171 0.6525688122468017 0.5661009053178432 0.6089193306510207
5999 0.6080188670271502 0.652169474055126 0.5661963406122044 0.6087948938981602
6009 0.6078830301273822 0.6519436990843286 0.5663060197541535 0.6087109163219547
6019 0.6080557288194893 0.6518147210396755 0.5664523292012238 0.6087742596867962
6029 0.6077831623005125 0.6520747138423941 0.5661115899162071 0.6086564886863712
6039 0.6075120436036 0.6518099626814151 0.5667741826036226 0.608698729629546
6049 0.6074015983921152 0.6520811538544362 0.5660609280965921 0.6085145601143812
6059 0.6076225712204875 0.651635133420674 0.5663371363947035 0.6085316136786217
6069 0.6081019213022699 0.6516428016126016 0.5658152095737793 0.608519977496217
6079 0.6068475347877319 0.6517200152366195 0.5660960305759114 0.6082211935334209
6089 0.607260231990762 0.651583637395721 0.5657196789973093 0.6081878494612641
6099 0.6067623842776205 0.6516701124566159 0.5657711544245453 0.608067883719594
6109 0.6066662822878741 0.6516185664373414 0.5656202332486399 0.6079683606579519
6119 0.6066565727817949 0.6523442747019971 0.5656193377730813 0.6082067284189577
6129 0.6066851122533845 0.6514524526205794 0.5729795512955935 0.6103723720565192
6139 0.6065235901514511 0.652765726315026 0.5657880906784851 0.6083591357149875
6149 0.6077874991505616 0.6516533255129683 0.5657190588834807 0.6083866278490037
6159 0.6065258188363987 0.6514366929293157 0.568912743495087 0.6089584184202671
6169 0.6060628058743359 0.6512405748913084 0.5655347813612622 0.6076127207089689
6179 0.6056381527462795 0.6512713378630501 0.5651593053263153 0.6073562653118817
6189 0.6054649082426214 0.651511200107519 0.5653194654404555 0.6074318579301986
6199 0.6053364252117575 0.6513208040523628 0.5650817647857509 0.6072463313499571
6209 0.6051142060236264 0.6511792156192849 0.5652471424927783 0.6071801880452299
6219 0.6046423466625804 0.6510658644675502 0.5652528553446956 0.6069870221582754
6229 0.6044727305111555 0.6515897169367431 0.5650317225013687 0.607031389983089
6239 0.6048851176461986 0.6510147993726834 0.5662191202786394 0.6073730124325071
6249 0.6044410628437228 0.6514126645157391 0.5651094205335652 0.6069877159643423
6259 0.605441664000312 0.6509683158333963 0.5657649415440973 0.6073916404592685
6269 0.6040876562735645 0.7323037359607436 0.5651975580721582 0.6338629834354887
6279 0.6041264093978874 0.6512229297672355 0.5654271283862211 0.6069254891837813
6289 0.6040196560902139 0.6506688326241301 0.5651158192386964 0.6066014359843468
6299 0.6039187314233171 0.6737931612375392 0.5650511185859901 0.6142543370822822
6309 0.6041461830536328 0.6626013058844433 0.5650765296364153 0.6106080061914971
6319 0.6044003351414853 0.6560255144962698 0.5647889418175261 0.6084049304850937
6329 0.6034818297860766 0.6505493767392713 0.5647640711435044 0.606265092556284
6339 0.6037765343126139 0.6505302422859481 0.5647500713989023 0.6063522826658215
6349 0.6035917942119491 0.6504094491887826 0.5644801550868268 0.6061604661625195
6359 0.6037369151300006 0.6503147199237447 0.5649999427342378 0.6063505259293277
6369 0.6039983110118662 0.6507948673676945 0.5644579776108699 0.6064170519968103
6379 0.6040137720045872 0.6503234447508779 0.56428563383539 0.6062076168636183
6389 0.6063217660545297 0.6504593332623636 0.5643576117408539 0.6070462370192491
6399 0.6029995274343857 0.650233326335493 0.5643338517123339 0.6058555684940709
6409 0.6031813915586135 0.6534256660992813 0.5642452873596385 0.606950781672511
6419 0.6032002922948517 0.6519197709272755 0.5642344991753798 0.6064515207991691
6429 0.6036720043727376 0.6505815878447498 0.564234956948091 0.6061628497218594
6439 0.6030290924682518 0.6502831388849671 0.5642337008401092 0.6058486440644427
6449 0.6024719268286026 0.6507805459836622 0.5642282288185304 0.6058269005435983
6459 0.6026998401234722 0.6501104346838162 0.5647585434642789 0.6058562727571891
6469 0.6024473071424137 0.6500003336262904 0.5641717002931494 0.6055397803539512
6479 0.6028829535704854 0.6500717720924833 0.5640129088887204 0.6056558781838963
6489 0.6033942007935096 0.649927549863577 0.5639876034108389 0.6057697846893085
6499 0.6027173596516997 0.6509066285627103 0.5639707041347712 0.605864897449727
6509 0.6020077301648845 0.6513557488734906 0.5640685228553559 0.6058106672979103
6519 0.6022603379917919 0.6499294227814162 0.5649736230442604 0.6057211279391561
6529 0.6024114705013286 0.6496733560171905 0.5636921730649813 0.6052589998611667
6539 0.6023646047089913 0.6498528162912003 0.5636280319767646 0.6052818176589854
6549 0.6032588769978929 0.6495579873870665 0.5635387445980413 0.6054518696610002
6559 0.6017761080079735 0.6496715830158988 0.5633548267921684 0.6049341726053469
6569 0.6011365325704974 0.6496888320762779 0.5639569896394164 0.6049274514287305
6579 0.6011424979805337 0.6495020075162086 0.5630971495265968 0.6045805516744464
6589 0.6010737644406701 0.65001769640175 0.5631381890443738 0.6047432166289313
6599 0.6014265182582158 0.6498491229290466 0.5636217959545278 0.6049658123805968
6609 0.6017581347408293 0.6495445818806801 0.5626899072129975 0.6046642079448357
6619 0.6006036676789931 0.6506474410459779 0.5637375089213761 0.6049962058821158
6629 0.6007739319225149 0.6494277307680847 0.5625240574925028 0.6042419067277008
6639 0.6006450886594231 0.6493129945288199 0.5626671339064232 0.604208405698222
6649 0.6004145844121153 0.6492817749192316 0.563286884072867 0.6043277478014045
6659 0.6013137418560379 0.6495232779645904 0.5628745969935336 0.604570538938054
6669 0.60050588207307 0.6493246214722292 0.5624184384159445 0.6040829806537479
6679 0.5999908252158895 0.6490181013436098 0.5620674627893162 0.6036921297829384
6689 0.5999973866648743 0.648766952401213 0.5621846154316024 0.6036496514992299
6699 0.5998504713425516 0.6488988511184405 0.5623246685059733 0.6036913303223218
6709 0.5992828862184579 0.6496351067049795 0.5620749351683617 0.603664309363933
6719 0.5997122999482507 0.6488530354061472 0.5623622145555066 0.6036425166366349
6729 0.5993927237464456 0.6488060438796752 0.5625828752194191 0.6035938809485133
6739 0.5996740650840706 0.6485061453339522 0.5619157989285128 0.6033653364488453
6749 0.5989329062758462 0.6486453552630852 0.5618322942138267 0.603136851917586
6759 0.5987428778801945 0.6511667372105113 0.5624400804239301 0.6041165651715453
6769 0.5994320085850753 0.6483081406749018 0.5618972969182987 0.6032124820594252
6779 0.5985130437450195 0.6486429607625529 0.5621415390305536 0.6030991811793753
6789 0.6007667317019549 0.6481343125569569 0.5619870399277902 0.6036293613955673
6799 0.598074633612879 0.6481706757486181 0.5617499474354094 0.6026650855989688
6809 0.5981715298670695 0.6480205589614466 0.5619568573435704 0.6027163153906955
6819 0.5989705471277755 0.6480444358378533 0.561660781240884 0.602891921402171
6829 0.5979170928856632 0.6477996810174964 0.5627373557961759 0.6028180432331118
6839 0.5977685037823874 0.6478387412478863 0.5620951399218141 0.602567461650696
6849 0.5981046068439988 0.6480664585993583 0.5619175208987037 0.6026961954473536
6859 0.5987902612698964 0.6476945666098967 0.5617270196424358 0.6027372825074097
6869 0.5976032671358287 0.6478017161569486 0.5616922230973558 0.6023657354633777
6879 0.5974171559914376 0.6475169786355743 0.5641499297065725 0.6030280214445282
6889 0.5976851134699852 0.6475057365129099 0.5692833871539889 0.6048247457122947
6899 0.5969541267889661 0.6473632040329296 0.5609894569119748 0.6017689292446234
6909 0.5965396330612385 0.6475989502924601 0.5610697129812581 0.6017360987783189
6919 0.5971695586756862 0.6473498732059192 0.5608808548249271 0.6018000955688442
6929 0.5966812982968474 0.6480070486184285 0.561134781781028 0.601941042898768
6939 0.5962244872686594 0.6473230529413625 0.56145463081278 0.6016673903409341
6949 0.5963158203653861 0.6471006057825686 0.5612693199956654 0.6015619153812066
6959 0.5961611205300097 0.6471944701619425 0.5609735054488172 0.6014430320469232
6969 0.595897484696527 0.6471431032547197 0.5610138013463537 0.6013514630992002
6979 0.5961364128565408 0.6473253484536757 0.560733271868593 0.6013983443929365
6989 0.5954440934561772 0.6470590102946441 0.5608799185636946 0.6011276741048387
6999 0.5955136927123152 0.6469832550609869 0.5605479894130988 0.6010149790621336
7009 0.5950737652208268 0.6469509328362123 0.5607913615531954 0.6009386865367449
7019 0.5953674098104716 0.6468227637765732 0.560259910249435 0.6008166946121599
7029 0.5968908749701851 0.6474427558577011 0.5604267725380497 0.6015868011219786
7039 0.5950053059466139 0.6471479845738404 0.5608259208279295 0.6009930704494613
7049 0.5949662962699825 0.6481533021670915 0.559901159443176 0.6010069192934168
7059 0.5958392793767926 0.6467809316355839 0.5603401703322287 0.6009867937815351
7069 0.5945722488795112 0.6469203764178371 0.5599639007487077 0.6004855086820187
7079 0.5942362755272651 0.6467748695913808 0.5608482895482167 0.6006198115556208
7089 0.593995504620493 0.6467480379484973 0.5598422178089213 0.6001952534593039
7099 0.5941685994110562 0.6467487173631686 0.5606486722647848 0.6005219963463365
7109 0.5944411547297322 0.6470865629339155 0.5597844176820843 0.6004373784485774
7119 0.5946944432650467 0.6472130358129874 0.559876975530051 0.600594818202695
7129 0.5946211510897353 0.6474884585395553 0.5600787086125686 0.6007294394139531
7139 0.5951254134671643 0.6467059764266649 0.5596916092021328 0.6005076663653206
7149 0.5946209636332925 0.6465459379126992 0.5596530934977674 0.6002733316812531
7159 0.5943823950333983 0.6464901814753545 0.5596898405408408 0.6001874723498645
7169 0.5943402210800295 0.6470939332303948 0.5599755579335601 0.6004699040813282
7179 0.5942340939643125 0.6465038647187881 0.5595627431634264 0.6001002339488424
7189 0.5936698407957308 0.646582911062212 0.5596807935874324 0.5999778484817918
7199 0.593402879078881 0.6468467878087397 0.5615169188095677 0.6005888618990628
7209 0.5929779408515495 0.6464865448025973 0.5597766509770092 0.5997470455437187
7219 0.5925322800182001 0.6465072391064525 0.5593190551455489 0.5994528580900672
7229 0.5932601114722704 0.6464777442393771 0.559350994287611 0.5996962833330862
7239 0.5926857872189248 0.6463340043981168 0.5591062197873135 0.5993753371347851
7249 0.5942105188338184 0.6460918340676022 0.5592327641911369 0.5998450390308525
7259 0.5921255136992785 0.6459705635978515 0.5590729900562748 0.5990563557844683
7269 0.5921282630838027 0.6459058014218108 0.5592210881479337 0.5990850508845158
7279 0.5922561667291466 0.6460448503290032 0.5599520238277603 0.5994176802953034
7289 0.5926898908416732 0.6455112155598973 0.558973185487771 0.5990580972964472
7299 0.5913893730095509 0.6456441817890898 0.5591019477498388 0.5987118341828265
7309 0.5914859139982295 0.6455548704518853 0.5587919495907729 0.5986109113469625
7319 0.5912622116921701 0.6456534273739921 0.5587814652852975 0.5985657014504865
7329 0.591111298762919 0.6482156176781564 0.5590719275689584 0.5994662813366779
7339 0.5908480753016161 0.6451751554878418 0.558778061078485 0.5982670972893143
7349 0.5909923946660187 0.6451203492891405 0.5587522258120508 0.5982883232557367
7359 0.5907036580140785 0.6454581944029383 0.5610687625373056 0.5990768716514409
7369 0.5914340396498349 0.6449977214678795 0.558944158923617 0.5984586400137771
7379 0.5908659840852601 0.6449223157356734 0.5587537160353399 0.5981806719520911
7389 0.5907952438352292 0.6453751765241817 0.5615011342132928 0.5992238515242345
7399 0.5903572975976986 0.6450737857679849 0.5595018463778481 0.5983109765811772
7409 0.5901500215262856 0.6485580213990845 0.5589341064118512 0.5992140497790738
7419 0.5902801686996525 0.6449611862775264 0.5588157251520397 0.5980190267097396
7429 0.5902177219966825 0.6449842236582093 0.5582771681943145 0.5978263712830687
7439 0.5904268349366473 0.6447745878305249 0.558077153909989 0.5977595255590537
7449 0.5900895991342111 0.6446229124986464 0.5581597790563165 0.5976240968963914
7459 0.5895210706498987 0.6446178233517157 0.5584161729859136 0.5975183556625093
7469 0.5910823156137683 0.6446234963740992 0.5583268929918935 0.5980109016599203
7479 0.5890515703617005 0.6448169698032012 0.5582851369911193 0.597384559052007
7489 0.5891285875533946 0.6448034599811171 0.5581821428215166 0.5973713967853428
7499 0.589415098817111 0.6444804280024486 0.5592829514365252 0.5977261594186949
7509 0.5894643998751192 0.6444082340473151 0.5580562396655122 0.5973096245293156
7519 0.5891342061336454 0.6444538700388469 0.5581044461452749 0.5972308407725891
7529 0.588701661870768 0.6442821770777841 0.5738289170473988 0.602270918665317
7539 0.5886080006258138 0.646114467410793 0.5583821321571935 0.5977015333979335
7549 0.5884439635304541 0.6444529493935655 0.558138543654568 0.5970118188595293
7559 0.5883393107972065 0.6441937473340551 0.5580230039019496 0.5968520206777371
7569 0.5879709241421807 0.6442800054308621 0.5580405955820568 0.5967638417183664
7579 0.5880170239407235 0.6442888707123121 0.5582943205726533 0.596866738408563
7589 0.5890570463750917 0.6441322080939268 0.5588830153738341 0.5973574232809509
7599 0.589370976011177 0.6440258841435619 0.5585872045687208 0.5973280215744866
7609 0.5880012833547523 0.6436899411192544 0.5583024299737105 0.5966645514825724
7619 0.5874688403328613 0.6437616574218046 0.5582740366632946 0.5965015114726535
7629 0.5873315950785608 0.6444790972855987 0.5579734787809811 0.596594723715047
7639 0.5879362041392183 0.6441665173445043 0.5578600703190842 0.596654263934269
7649 0.5904677787530658 0.643854839538563 0.5577071948312314 0.5973432710409533
7659 0.5872425813656632 0.6435495284726476 0.5577099632499166 0.5961673576960758
7669 0.5863964601682732 0.6436899887488768 0.5576672477632167 0.5959178988934556
7679 0.5864726920266776 0.6435098677473227 0.5576291500500303 0.5958705699413435
7689 0.586003649827181 0.6440158497382907 0.5579400297695621 0.5959865097783447
7699 0.5858144447839437 0.6433870871885178 0.5577056741641414 0.5956357353788676
7709 0.5871607796521049 0.6436377449008693 0.5574885618570676 0.596095695470014
7719 0.5857069257534038 0.6437462791432378 0.5578250992680992 0.5957594347215802
7729 0.5854299059931156 0.6430888160287036 0.557678340790235 0.5953990209373514
7739 0.5849195858542361 0.6432364148269067 0.5574783406850137 0.5952114471220522
7749 0.5853243095613359 0.6431109951290974 0.5579652601602576 0.5954668549502303
7759 0.585438857231651 0.643150064749121 0.5573851722269851 0.5953246980692524
7769 0.584727112648204 0.6429898729788148 0.5572532316008068 0.5949900724092752
7779 0.5847956134686401 0.6436790990474022 0.5571406649887646 0.5952051258349357
7789 0.5851549575696441 0.6429798920034636 0.5587988029436787 0.5956445508389288
7799 0.5846358676941673 0.6425620828347781 0.5570270339157708 0.594741661481572
7809 0.5847039045761355 0.6427099430278485 0.5571108616680981 0.5948415697573607
7819 0.5842270525975043 0.6439964224911652 0.557043822125557 0.595089099071409
7829 0.5842649131215069 0.6427695287765757 0.5569032733052561 0.5946459050677796
7839 0.585040149818535 0.6425947626751085 0.5575177083263178 0.5950508736066538
7849 0.5839430645485658 0.6429365816941518 0.5579569290144384 0.5949455250857186
7859 0.5837409495461384 0.6423052727443819 0.557127730420988 0.5943913175705028
7869 0.5834753937272645 0.6422932340815262 0.5588318319256771 0.5948668199114893
7879 0.5846251913501536 0.6423689446746813 0.5572283771226765 0.5947408377158371
7889 0.5827715802022401 0.6425586973552405 0.5567535324745039 0.5940279366773281
7899 0.5837240076060488 0.6424374931718869 0.5568966671309378 0.5943527226362911
7909 0.5827975310570184 0.642359147773192 0.5567925637485107 0.5939830808595737
7919 0.5825888964324886 0.6423056181255838 0.5591859022913693 0.5946934722831473
7929 0.5824942259292951 0.6423525206837415 0.5567957910829929 0.5938808458986765
7939 0.5841211890109955 0.6420912483668517 0.556621946818641 0.5942781280654961
7949 0.5821074953799275 0.6422050474856297 0.5564652473199505 0.5935925967285026
7959 0.5820078595316803 0.6433516597605421 0.5565512410363346 0.5939702534428523
7969 0.5819138339639923 0.6417239853083353 0.5565513386478237 0.5933963859733837
7979 0.5816412370552196 0.6426057459971976 0.5567502800840681 0.5936657543788284
7989 0.5823012600888734 0.6417901653239332 0.5578151813065964 0.5939688689064676
7999 0.5813934444124274 0.6417159494586431 0.5565100911880437 0.5932064950197047
8009 0.5816009027197685 0.6418175079306141 0.5565164904736077 0.5933116337079968
8019 0.5815445837797075 0.6414968868037829 0.5566360983960317 0.5932258563265074
8029 0.5810426268393363 0.6416771264708233 0.5566324376687201 0.5931173969929598
8039 0.5813708624278913 0.6416413110450778 0.5564026378837746 0.5931382704522479
8049 0.5813377594561596 0.6420820823749586 0.5565719469551124 0.5933305962620768
8059 0.5815509688185305 0.6411651558631334 0.5569202966717458 0.5932121404511365
8069 0.5810080585804901 0.6410004671066195 0.556360256447009 0.5927895940447062
8079 0.5809537747462803 0.6409321877516256 0.55668884458494 0.5928582690276153
8089 0.5813864317912437 0.6407880714519573 0.5564186028043435 0.5928643686825148
8099 0.5810363629540534 0.6410389062497381 0.5567037221434078 0.5929263304490665
8109 0.5810970716119958 0.6410738288996645 0.5565695410499436 0.5929134805205346
8119 0.5812569659126332 0.6405836128945075 0.5574063307418942 0.5930823031830116
8129 0.5809714791767889 0.6406254821874302 0.5562481403519942 0.5926150339054045
8139 0.5811028311866505 0.6403577821864633 0.594105147758894 0.6051885870440027
8149 0.5814661156995659 0.6536274851494852 0.5562214218398227 0.5971050075629579
8159 0.5815511807933925 0.6403878062148195 0.5595848727625794 0.5938412865902638
8169 0.6241420566771865 0.6402295103857296 0.5561257980641751 0.6068324550423637
8179 0.587150885928658 0.640392842816363 0.5561005009144384 0.5945480765531531
8189 0.5808994832863614 0.6403030924843288 0.5560662338757675 0.5924229365488193
8199 0.5804635642352994 0.6412155876008279 0.5559887265916531 0.5925559594759268
8209 0.5836622814743975 0.6397360224772822 0.5583881332441204 0.5939288123986001
8219 0.5802111136756009 0.6399145853831842 0.5563603292098442 0.5921620094228764
8229 0.5800009481513269 0.6398211604935385 0.5561983260390634 0.5920068115613096
8239 0.5802174356806714 0.6398195388517648 0.5566861573879478 0.5922410439734613
8249 0.5816708685952635 0.6394206157138941 0.5589513750254522 0.5933476197782033
8259 0.5804985374911356 0.639494073658065 0.5558379470105003 0.5919435193865669
8269 0.5993589475329966 0.63946511544686 0.5567196534115789 0.5985145721304784
8279 0.5801669062180042 0.6402646583438254 0.555889916588538 0.5921071603834559
8289 0.5811816072373673 0.6389099890929085 0.5557489897571501 0.591946862029142
8299 0.5879829139351361 0.6389803118118828 0.555721222796497 0.5942281495145053
8309 0.5805266035911134 0.6387143231593075 0.5603265142425754 0.5931891469976655
8319 0.5795366332625281 0.638884295720631 0.5557182823377114 0.5913797371069568
8329 0.5888797339091063 0.6383764672385364 0.5558380337513961 0.5943647449663462
8339 0.5795808949280931 0.6389550313752023 0.5592312953663053 0.5925890738898669
8349 0.5797783300008887 0.6392365430196532 0.5562689442408622 0.591761272420468
8359 0.5790545846310892 0.6379735798873332 0.5556740186024418 0.5909007277069548
8369 0.5791767436668067 0.6381870744720186 0.5552577729298954 0.5908738636895735
8379 0.5793970981951005 0.6379471107217629 0.556778834640072 0.5913743478523119
8389 0.5819151038046099 0.6382122003679062 0.5554255696701171 0.5918509579475444
8399 0.5789186276067263 0.6380096014566478 1.243551963407969 0.8201600641571144
8409 0.5793612603416478 0.6378732702842622 0.8080024729091018 0.6750790011783373
8419 0.5789716875153231 0.6378884239072843 0.5580071927559406 0.5916224347261827
8429 0.5787235410334873 0.6378427018883424 0.5564348501099085 0.5910003643439127
8439 0.5786801907464613 0.637708734371523 0.5550746060043943 0.5904878437074595
8449 0.5793698273159569 0.6375533967550645 0.5548725398547019 0.590598587975241
8459 0.5790000432697104 0.6377617426789272 0.5550971320433274 0.590619639330655
8469 0.577773475084863 0.6376919390346732 0.5550941739857946 0.5901865293684436
8479 0.5788630444894581 0.6375317158101742 0.5548287670515818 0.5904078424504048
8489 0.5776798531786228 0.6375861298152762 0.5561009035281531 0.590455628840684
8499 0.5775139207784443 0.6439820254831754 0.5549652238336782 0.5921537233650993
8509 0.5776413114871222 0.6377632183393065 0.5554732662646165 0.590292598697015
8519 0.5821824313990103 0.6376256405223337 0.55475559130746 0.591521221076268
8529 0.5897664199350106 0.6383838647377748 0.554778705267971 0.5943096633135854
8539 0.57781071505688 0.6375311182620962 0.555043340870916 0.5901283913966306
8549 0.5785417951337047 0.6381780754897688 0.5548303949690869 0.5905167551975202
8559 0.5775262247137717 0.6384525165869538 0.5643277080677083 0.5934354831228112
8569 0.5808703760345434 0.6373218213395382 0.5550538978236431 0.5910820317325749
8579 0.577835410284148 0.6376468389991385 0.5570420648731081 0.5908414380521316
8589 0.5772695488266683 0.63733565941912 0.5544493075576185 0.5896848386011356
8599 0.5780078360780628 0.6369535488931097 0.5554324457601977 0.5901312769104567
8609 0.577208469550166 0.6370539560227979 0.554482071553788 0.5895814990422507
8619 0.5773239750886923 0.6369818937892181 0.5543976217097599 0.5895678301958901
8629 0.5769493905109699 0.636784612917915 0.5544590863097796 0.5893976965795548
8639 0.5772968884664295 0.6372486244432408 0.5805510783581523 0.5983655304226075
8649 0.5790206201451419 0.636799617551196 0.6339267625001324 0.6165823333988234
8659 0.5776632332628541 0.6364060683090446 0.5550908091650426 0.5897200369123138
8669 0.578062363111517 0.6363677140309821 0.5548762294142627 0.589768768852254
8679 0.5769096973062173 0.6364370878558667 0.5542804821892425 0.5892090891171088
8689 0.5763938868667938 0.6366584018474489 0.5546116356636849 0.589221308125976
8699 0.576825978584501 0.6361017298264184 0.5555530360830934 0.5894935814980042
8709 0.5766122396581727 0.6359125495565136 0.5542280043301825 0.5889175978482896
8719 0.5763749799258746 0.6357176338157163 0.5541986387630081 0.5887637508348664
8729 0.5766753953401691 0.6356666385618395 0.5549808831731455 0.5891076390250514
8739 0.577135756241121 0.6355137317324697 0.5544120687777837 0.5890205189171248
8749 0.5761323459588354 0.6353922699509154 0.5642562709197435 0.5919269622764981
8759 0.5778335510186364 0.6354910113768976 0.5546558363569164 0.5893267995841501
8769 0.5764574046981477 0.6630240561746815 0.5542911003986831 0.5979241870905042
8779 0.5767875700139674 0.6355212904937597 0.5541950785457981 0.588834646351175
8789 0.5763454518869014 0.6356654997436954 0.5542257137902844 0.5887455551402937
8799 0.5761749734620065 0.6364446520403406 0.554470224308108 0.5890299499368185
8809 0.5764352826759443 0.6377546973708769 0.5541375035275766 0.5894424945247992
8819 0.5758765616847482 0.6355751755506001 0.5674553861712135 0.5929690411355205
8829 0.5756189051803244 0.6353714362527457 0.5538484039738721 0.588279581802314
8839 0.5758496343743457 0.6357006401972745 0.5540115084136993 0.5885205943284397
8849 0.5759120944170952 0.6353548058734388 0.5539556369299096 0.5884075124068145
8859 0.5768123143546201 0.6349915197083412 0.5551179551628581 0.5889739297419397
8869 0.5753635176467551 0.6349008589341231 0.5584855905621239 0.5895833223810006
8879 0.5793598931113799 0.6349761408008183 0.5538370742787868 0.5893910360636617
8889 0.5757579941048331 0.6365896251236182 0.5546364101696716 0.588994676466041
8899 0.5756370454389814 0.634804608877144 0.556364009385882 0.5889352212340024
8909 0.5754431462846694 0.634871775684176 0.5539431121771352 0.5880860113819936
8919 0.5749124628961714 0.6351834961254439 0.5539649117532881 0.5880202902583012
8929 0.5753512987363979 0.6465042957136704 0.5537727033164341 0.5918760992555009
8939 0.5751190282521113 0.6343539667064386 0.5535106894329813 0.5876612281305104
8949 0.5753632711244563 0.6344550311867169 0.5541376833171516 0.587985328542775
8959 0.5833990776891139 0.6340438384190336 0.5534458480779106 0.5902962547286861
8969 0.5800700612495351 0.634353611282925 0.5786728357801436 0.5976988361042012
8979 0.5750736871157656 0.6341797604077029 0.5712429405050768 0.593498796009515
8989 0.5753527362801537 0.6340711316530223 0.5570398999510408 0.5888212559614057
8999 0.5749331369586711 0.6337959550979309 0.5544072660871998 0.5877121193812672
9009 0.5743847882880336 0.6336802565115213 0.5542486667721593 0.587437903857238
9019 0.5751781199874852 0.6338418236534088 0.5543614584787218 0.5877938007065385
9029 0.5744240633509881 0.6339001156569296 0.55338614728278 0.5872367754302324
9039 0.5745431732176809 0.63330842455175 0.5532244937830137 0.5870253638508148
9049 0.5740273569616839 0.6330666375939884 0.5535787954072776 0.58689092998765
9059 0.5743639286511728 0.6329083705461851 0.5614121845338867 0.5895614945770816
9069 0.5746710550338395 0.6334826169265787 0.5538697839080177 0.5873411519561453
9079 0.5750009210510303 0.6329412388228676 0.5551947540753981 0.5877123046497653
9089 0.5739068523140386 0.6352763651902924 0.5539394194035686 0.5877075456359665
9099 0.5738174643987214 0.633001090053789 0.5538740221577664 0.5868975255367589
9109 0.573770281259546 0.6326720262767619 0.5541106268946664 0.5868509781436582
9119 0.5741832719037091 0.6330446237501031 0.5532769562007274 0.5868349506181798
9129 0.573887467900362 0.6325566840865274 0.5533572864969188 0.5866004794946028
9139 0.5796340693736182 0.6331978993941184 0.5532119835082849 0.5886813174253406
9149 0.5733539292548233 0.6331093148717666 0.5577837671235538 0.5880823370833812
9159 0.5733608919504609 0.6326317891796062 0.5530572735395204 0.5863499848898625
9169 0.5733380179129661 0.6346387649079619 0.5531532527388784 0.5870433451866021
9179 0.5867672212032304 0.6326337387005666 0.5536663527001715 0.5910224375346562
9189 0.5733112578874554 0.6376385103639501 0.565476307793848 0.5921420253484179
9199 0.5761804068997837 0.6328279704763236 0.5544943574501635 0.5878342449420902
9209 0.5734021780804356 0.6323973668021673 0.5570267616533051 0.5876087688453027
9219 0.5735445691368145 0.6325157649398859 0.5550175781428381 0.5870259707398462
9229 0.5739861298499789 0.6326741878397318 0.5539673510514549 0.5868758895803886
9239 0.5736093793409853 0.6321725251167373 0.554083138957172 0.5866216811382982
9249 0.5733094344138757 0.6320332910803295 0.553042207588217 0.586128311027474
9259 0.5780064131301028 0.6321560051117886 0.5530608408528419 0.5877410863649111
9269 0.5740986018063287 0.6318018640321315 0.8848096993241676 0.6969033883875425
9279 0.5733468167895909 0.6316952625426822 1.2297191804094627 0.8115870865805785
9289 0.574209727936424 0.6317468586805507 0.5787998526395616 0.5949188130855121
9299 0.5748842558146827 0.6317753200290003 0.5564502722704748 0.5877032827047194
9309 0.5732659262244836 0.6315087523204458 0.5532658050832223 0.5860134945427172
9319 0.5732915761798161 0.6312758496971836 0.5528450067394216 0.5858041442054738
9329 0.5734906748815467 0.6312582812065084 0.5558363394904043 0.5868617651928197
9339 0.5752979350082396 0.6316072645509451 0.5531840986203225 0.5866964327265024
9349 0.5741073740456811 0.6313444535442753 0.5532806496620372 0.5862441590839979
9359 0.5736156942323248 0.6314353103454448 0.5532187664959405 0.5860899236912367
9369 0.5732952836682702 0.6313083267354497 0.5531831294647431 0.5859289132894877
9379 0.5739522997489185 0.6310846961318843 0.5542006591442717 0.5864125516750249
9389 0.5740569237451966 0.6315304334651931 0.5527214092109131 0.5861029221404342
9399 0.5735441479779415 0.6311582721834974 0.5524989566904058 0.5857337922839482
9409 0.5732427594356247 0.6310305983064295 0.5524903166031397 0.5855878914483981
9419 0.573241724183404 0.6317555682816686 0.5526011368258765 0.585866143096983
9429 0.5733547940872068 0.630665449455754 0.5525454511654765 0.5855218982361458
9439 0.5733092972153333 0.6306688736210477 0.5539061403692643 0.5859614370685485
9449 0.5732058476595424 0.6306181845719055 0.5522982488262506 0.5853740936858994
9459 0.5729742908829384 0.6302439201275309 0.5524929350342027 0.5852370486815573
9469 0.5750223118415305 0.6299245605762737 0.5523756956591019 0.5857741893589687
9479 0.5735662999494863 0.6304652911694636 0.5530593240323864 0.5856969717171121
9489 0.5730161017701133 0.6297988150810012 0.5525034623151521 0.5851061263887556
9499 0.5780983482789702 0.6304989212130131 0.5526323713802682 0.5870765469574172
9509 0.5733179949954141 0.6303518389192084 0.5524456896077901 0.5853718411741375
9519 0.5735084249171631 0.6297228869133804 0.5523990146169071 0.5852101088158169
9529 0.5745164202965489 0.6322810281784136 0.5585569803513551 0.5884514762754391
9539 0.5770318492993527 0.6303080678380913 0.5630002574869423 0.590113391541462
9549 0.5809834849102438 0.6298325971840735 0.5536437905864271 0.5881532908935815
9559 0.5731430028137711 0.6296033031662114 0.5540326554490347 0.5855929871430058
9569 0.5728529904111161 0.6295322578942406 0.5534138359771279 0.5852663614274949
9579 0.573110624987762 0.6296772888013192 0.5523768555639998 0.5850549231176937
9589 0.5731419929011229 0.6422696870127635 0.569818587204974 0.5950767557062869
9599 0.5728532555830067 0.6292276508851827 0.5902908513617663 0.5974572526099853
9609 0.5786881597199275 0.629224611930813 0.55671717671742 0.5882099827893869
9619 0.5720951251033255 0.6292592144186034 0.5521876496715736 0.5845139963978342
9629 0.5737187684658789 0.6289032545875972 0.5666787809338796 0.5897669346624519
9639 0.5798245767984461 0.6290834952449349 0.5520163653311573 0.5869748124581795
9649 0.5726829403313057 0.6294690142450798 0.5519073413458148 0.5846864319740668
9659 0.5725018790304562 0.6287396025468579 0.5535994168194531 0.5849469661322557
9669 0.5729935993231438 0.6282927150957377 0.5521197540515206 0.584468689490134
9679 0.5717241538949763 0.6289433354179614 0.5522709003364625 0.5843127965498002
9689 0.57391303790667 0.6283339888305686 0.5521861074506766 0.584811044729305
9699 0.5719582158083708 0.6283008167965913 0.5521400882017096 0.5841330402688906
9709 0.571753956807417 0.6290499142512553 0.5520600418440816 0.5842879709675847
9719 0.5716187273677685 0.629272580913191 0.5552850780773283 0.585392128786096
9729 0.5714335825702219 0.6274765295530503 0.5521206775262483 0.5836769298831735
9739 0.5719843968269425 0.6362688566829218 0.5517666723685449 0.5866733086261364
9749 0.5714411383107124 0.6269744348982921 0.5521394582426843 0.5835183438172296
9759 0.5710259449718298 0.6271641878790405 0.5517345418968922 0.5833082249159208
9769 0.5711764420638218 0.6272444124403526 0.5521575672074224 0.5835261405705322
9779 0.5710090503267444 0.6266390782231571 0.551890297293221 0.5831794752810407
9789 0.5707890131668121 0.6266553837202727 0.551780024202765 0.58307480702995
9799 0.5710477068622329 0.6265308638581605 0.5643381598323857 0.5873055768509263
9809 0.5709104813507226 0.6317033489109186 0.551952754987393 0.5848555284163447
9819 0.570930205304154 0.6267932721460485 0.5516207577968194 0.5831147450823405
9829 0.5709986769951275 0.6269411341537983 0.5514967251113331 0.5831455120867529
9839 0.5713633134594273 0.6269735000360958 0.5520533886615065 0.5834634007190099
9849 0.572653038576617 0.626650268965075 0.55657871004265 0.5852940058614474
9859 0.5703983931018055 0.6269073831635007 0.5516095198448049 0.5829717653700371
9869 0.5714378078870668 0.6262150110075495 0.5515764700864564 0.5830764296603576
9879 0.5706900477286895 0.6263193139912846 0.5515992082062379 0.5828695233087373
9889 0.5716469165237148 0.626575339569824 0.5536948621755515 0.5839723727563634
9899 0.5723504462227309 0.625788615805537 0.5529345766111003 0.5836912128797894
9909 0.572038414247922 0.6259041620367795 0.6397505245503068 0.6125643669450028
9919 0.5708369707369332 0.6255889008560122 0.5535427497725323 0.5833228737884926
9929 0.5706080701665285 0.6254696628401154 0.5657865377664301 0.5872880902576912
9939 0.5732257101624542 0.6253027071348077 0.5514499931518543 0.583326136816372
9949 0.5710223390091396 0.6249686658513934 0.5517808993691171 0.5825906347432167
9959 0.5706050324428547 0.6251505130062529 0.5519778496209345 0.5825777983566808
9969 0.5704711272842131 0.6249235573916685 0.551308456698791 0.5822343804582242
9979 0.5703903791089248 0.6248019065021558 0.5540611897023943 0.5830844917711583
9989 0.5701178965937825 0.6247278490103845 0.5515521917591347 0.5821326457877672
9999 0.5700713625314944 0.6246782912089991 0.551133848227225 0.5819611673225729
