idx loss_hist u_mag_loss p_loss
0 8.588336710657373 8.355981803140645 34.10091693636083
1 6.114517246551291 6.598902903230574 35.75563264594218
2 5.09607976817475 5.387273879274796 33.653291020478754
3 4.312894113067589 4.894499795753455 29.84418090351704
4 4.13384814812591 4.764489135255915 29.442457220114953
5 3.9833852404499908 4.623631093520705 29.376055433915717
6 3.855992338345928 4.274707613766747 28.19924766912456
7 3.815484587350511 4.233714668866271 28.0512873909117
8 3.7567115896683987 4.442684187336176 28.327936345272654
9 3.667275937857287 4.28864183896671 28.256721958541675
10 3.6002635312811186 4.170573528514013 27.93363582402156
11 3.5058086427864943 3.827147726753817 27.93180864396332
12 3.4456709718077185 3.8373734399638577 28.561367386653792
13 3.3650432049485666 3.7976007122933084 28.85875030880065
14 3.3184676664977815 3.8661708667691546 29.04686397300505
15 3.2756842562822044 3.6485113962439026 29.01946350196069
16 3.2204460402059 3.6845511209630706 28.223107859151362
17 3.1984882741717797 3.6664679083988423 28.34974139282462
18 3.161607459231746 3.3520279549857914 28.7880470357104
19 3.0879082522499175 3.4226265248699836 28.913264607179315
20 3.0505149053955307 3.3086638646416158 29.228900681879004
21 3.0026960729669696 3.2213579909246275 29.579756724192762
22 2.9492705395036047 3.2502312348411424 28.40147043444256
23 2.9229017344415666 3.113121924575612 28.466489153896564
24 2.870152694273102 3.0525934619020707 26.693721113801434
25 2.8301672023672246 2.9578226607361606 29.022173187057337
26 2.7583887517766925 2.981095170301797 27.473566321544006
27 2.67979172583091 2.868127712840239 25.61550988447745
28 2.656343474503988 2.812584603630515 25.43029735871164
29 2.627232408480779 2.7943776503269904 25.05002957709195
30 2.596720790915615 2.6899835252765825 24.262359859967447
31 2.5669293530201145 2.551194898636276 24.26260596822396
32 2.535481575841004 2.5653152914728774 23.875035880634933
33 2.4963362049357443 2.5246833269790407 23.658961825246482
34 2.4754570361951806 2.4584799214534057 23.750487536377733
35 2.443909649534362 2.4910440023317624 23.697825833609826
36 2.393615011095463 2.3460621055439224 23.28338235311521
37 2.3533166836135457 2.3222735709085307 23.593589864936714
38 2.3293516784965647 2.28181267393332 23.299748080168726
39 2.302664375157761 2.304434210098073 23.26770208237502
40 2.2754312949751387 2.2814995279178394 22.99146036152954
41 2.2557669198151054 2.128297038122448 22.77777824500355
42 2.2391759646780542 2.1653736609773304 22.705045366248264
43 2.216473295444544 2.1452451888385218 22.276863409001912
44 2.197862812028294 2.1371116009179025 22.75069134152081
45 2.180493599750264 2.1109817236439206 22.398225202209375
46 2.1619716419852217 2.1204065967693912 22.400383498731223
47 2.143239439930259 2.1177557717140085 21.835767624116624
48 2.1307784481522596 2.1211625003071846 22.200355094688952
49 2.1127679055902178 2.0774542771971016 21.53846878958053
50 2.0836091691307956 2.09951786504572 21.19560657833115
51 2.065667450937898 2.010229017231062 20.9916003919687
52 2.0485337308257385 2.0208962415254588 20.866455309811155
53 2.0346903715435616 2.028444400461364 20.605078805689327
54 2.005051088578071 1.9286978692995098 20.494622641068172
55 1.9814125870051527 1.9256239226267935 21.37568865054031
56 1.9483775604626885 1.8394340320914184 20.309270899460223
57 1.9306822383232998 1.7022169784380607 20.131425493596158
58 1.9123439916786538 1.697824287078577 19.730021308655267
59 1.8935577531194987 1.801253525666798 20.063178869316705
60 1.8732205546157417 1.779891872717015 19.39298187394253
61 1.8463325819611782 1.7219704593787142 19.09059315436999
62 1.8243573416135064 1.7203940465533794 19.1083822810906
63 1.800959411286474 1.654377622093409 18.662426602140986
64 1.779718558612192 1.673140262837909 18.53276866008042
65 1.757815391593013 1.6307410687070136 18.200606309558
66 1.7443336722302583 1.61827833068781 18.58053309396181
67 1.7306267633916868 1.6329000602827435 18.527200769641574
68 1.7103662250962977 1.5660890151370885 18.449851991980456
69 1.699893382063138 1.5660295501612178 18.142785898214175
70 1.6848002144425323 1.5419124913583342 17.79142373170276
71 1.674495127982599 1.5619798223533587 17.707807324641315
72 1.656907743472189 1.4868804650307677 17.214299784965455
73 1.6470821848819845 1.4451823244102764 17.00853874919603
74 1.6346619625424523 1.3947234770897394 16.720446040203516
75 1.6258153877948303 1.3814930776487162 16.607752471640353
76 1.6102578770444325 1.3719521629628617 16.367813618131798
77 1.601219863409142 1.3653779442069058 16.3413294352299
78 1.5931072139727611 1.3496152328800783 16.259492312306755
79 1.5849016205293402 1.3332146240839384 16.505017001272755
80 1.5744736659099203 1.3168961694186274 16.536528585885435
81 1.5636501294245058 1.2675200770653294 16.080803111008276
82 1.5561379954890526 1.2881301350940582 15.715936823291583
83 1.5465523070159328 1.3095103124016574 15.676837579607454
84 1.5381848893085959 1.3209874978846945 15.278950617231102
85 1.5283989377320815 1.304819645330348 15.393653560391016
86 1.5147065397641342 1.35736291407533 14.750733753379619
87 1.50478116884506 1.3368388876231305 14.805268735037226
88 1.4947389625597367 1.442627307707093 14.63084874020302
89 1.484904577749436 1.4169024156074252 14.521614376713394
90 1.4737305852481235 1.4002266749438081 14.25843087532717
91 1.4668406510157332 1.4067111195869464 14.126081784270209
92 1.4571649093533239 1.3359382599572391 13.91623226717469
93 1.4516059459372315 1.3368564366191227 13.739964319478876
94 1.441761797409768 1.246935636292219 13.30852106209488
95 1.4281433208323193 1.185535376621232 12.915297027593363
96 1.4172455004889493 1.1217085220459289 12.87832184767066
97 1.4124556385266978 1.1472672674090583 12.826377982837009
98 1.406810574630299 1.1769074574786709 12.776894192098142
99 1.4012929489092585 1.1884481697877711 12.585652393001524
100 1.3933807814013477 1.1532310850665721 12.463729911005032
101 1.3875021112470591 1.12560234898063 12.37165370064508
102 1.380752112514429 1.1687496786116813 12.26628969474638
103 1.377658645009035 1.1185420214418853 12.148890946820337
104 1.3713579370979438 1.113073214939026 12.040295516774203
105 1.3657194249247517 1.0950532651913647 12.059347701798448
106 1.361216425054696 1.0458464104802565 11.931988739843458
107 1.356789637364276 1.0607013900430418 11.732716611981763
108 1.3507346661181714 1.055085312705729 11.776798714372905
109 1.3460970658703815 1.0038982376065082 11.81224180892906
110 1.3407189204901897 0.9702023519416549 11.699621373772958
111 1.3363355529828347 0.998572132542584 11.740649328868388
112 1.3268884895385362 0.9983801823004222 11.679101035304091
113 1.3233181685820377 0.9948215697711666 11.680274728131575
114 1.3179917023961742 0.9809053135232583 11.627807370501083
115 1.3116400513338284 1.0131095199921367 11.467012563756183
116 1.3056477644929743 1.0052649126357593 10.892171518603103
117 1.297148365918531 0.9756181949222653 10.613150147889394
118 1.2915187452257584 0.9075436538923773 10.30286893209472
119 1.285868769834341 0.9170196729682364 10.070977937866168
120 1.2803788170218127 0.8997062114083174 9.908552205645991
121 1.276214446575068 0.8909300162340966 9.837481158123579
122 1.270760906772896 0.8852970327644377 10.038829854479768
123 1.267715379857865 0.9063064808102081 9.91321330511214
124 1.2616436558994373 0.9447581670914034 9.831677168181777
125 1.258488902312422 0.9710740142599734 9.939142185806729
126 1.2554702623401148 0.9770694170689624 9.89613803810345
127 1.2525925208465196 0.9801662295843748 9.743036190962343
128 1.2495942400921116 0.965777779908345 9.679907294394315
129 1.2447459726278431 0.9169460988624235 9.54455743337248
130 1.241766288745012 0.898465360748928 9.464419586633774
131 1.2373205050757043 0.9110449096545847 9.408659967320975
132 1.2324431645664085 0.941801283837229 9.472144978900847
133 1.2257037575366212 0.9684979763923078 9.132768599498688
134 1.2223172010422445 0.9650276908856915 8.929314894630263
135 1.2179090725228576 0.9050735853036574 8.765386843404627
136 1.2154157946644233 0.9270576800562124 8.667816642152486
137 1.2123290793284447 0.9072030841352684 8.526207023056633
138 1.2096959443059099 0.8734966468271427 8.379416339348245
139 1.2052653741299224 0.9060247121715335 8.268116695099474
140 1.2031916291432232 0.9005222948042557 8.121349406461142
141 1.2008983958581645 0.8972203900847444 8.206267540492979
142 1.197196055246934 0.9057532934319892 8.284811735980233
143 1.1933205761205414 0.8795206130439942 8.300804868910623
144 1.1886444214165444 0.8322604564790963 8.180442610827658
145 1.1863782980461544 0.8182144406907347 8.033884177384547
146 1.1835448510315132 0.8358413253214689 7.966773845900404
147 1.1799809172714255 0.8358774761191924 7.739320648702176
148 1.177308172617959 0.8316993268936314 7.776423303246797
149 1.176073705926516 0.829538915101899 7.69316539488084
150 1.1722923533262133 0.804558762891297 7.371471023135704
151 1.1703949477787923 0.7927321355206401 7.38737863163786
152 1.1686578633625722 0.8028681939049038 7.295479481543411
153 1.1664088704574205 0.799475751308559 7.154189653033634
154 1.1644581902450888 0.8066733192704979 7.0598591735030976
155 1.1627858511086266 0.7982269651417793 7.086393986139519
156 1.1605745501847338 0.8087326347875761 7.013025236010744
157 1.1590114784658567 0.7943939088075059 7.0166990052446225
158 1.1561955877056995 0.8180971547805412 7.129622362465911
159 1.1543738058415194 0.8065809221764303 6.9934835525885575
160 1.1528500572557085 0.8050647651391871 7.1308159449644295
161 1.150769439657413 0.8005984152548782 7.1448827612000105
162 1.1492655504744995 0.8111897453747554 7.050274867795882
163 1.1473399034599119 0.7934614620105435 6.904223012017242
164 1.1447433272079799 0.7811405710953133 6.759517531105938
165 1.1427211874907357 0.7848642372098801 6.753012601850657
166 1.140417101754693 0.8002345850630824 6.514850656377659
167 1.138405871832731 0.7960023873436448 6.360292357391276
168 1.135708335966914 0.832906498729641 6.215921921888441
169 1.1328289591847103 0.8116535117623332 6.1673698098980125
170 1.1308005667237673 0.7937480345581182 6.005649071176686
171 1.128301039774417 0.8033985011436948 6.130725741718163
172 1.1254798041157734 0.8181785052894053 6.218441941830589
173 1.1238587554910282 0.813746839678407 6.2292901651823565
174 1.1224768455888352 0.8422463562965815 6.135747291680434
175 1.1208017303960247 0.8158033081264995 6.149249293237342
176 1.1194763528803833 0.8125572207881069 6.256620338738278
177 1.1188174422559882 0.8196465857130099 6.317864274705118
178 1.1176379901165916 0.8241258481410282 6.282544625183472
179 1.1163187272973154 0.8129167161041474 6.152696204126471
180 1.1149108851137193 0.8272855041663081 6.01702975699194
181 1.113865582581866 0.8314593398510166 5.891685625757231
182 1.1130009937902656 0.8365754502437376 5.861624367536624
183 1.1119867559767762 0.8398030978123561 5.744368406956111
184 1.1111692650828822 0.8220121768108491 5.747084830992831
185 1.1111692650828822 0.8220121768108491 5.747084830992831
186 1.1111692650828822 0.8220121768108491 5.747084830992831
187 1.1111692650828822 0.8220121768108491 5.747084830992831
188 1.1111692650828822 0.8220121768108491 5.747084830992831
189 1.1111692650828822 0.8220121768108491 5.747084830992831
190 1.1111692650828822 0.8220121768108491 5.747084830992831
191 1.1111692650828822 0.8220121768108491 5.747084830992831
192 1.1111692650828822 0.8220121768108491 5.747084830992831
193 1.1111692650828822 0.8220121768108491 5.747084830992831
194 1.1111692650828822 0.8220121768108491 5.747084830992831
195 1.1111692650828822 0.8220121768108491 5.747084830992831
196 1.1111692650828822 0.8220121768108491 5.747084830992831
197 1.1111692650828822 0.8220121768108491 5.747084830992831
198 1.1111692650828822 0.8220121768108491 5.747084830992831
199 1.1111692650828822 0.8220121768108491 5.747084830992831
200 1.1111692650828822 0.8220121768108491 5.747084830992831