x y z
-3.141592653589793116e+00 -3.141592653589793116e+00 7.479326674947972542e-01
-2.810898690054025373e+00 -3.141592653589793116e+00 7.706607637639186770e-01
-2.480204726518257630e+00 -3.141592653589793116e+00 7.353527235623671388e-01
-2.149510762982489886e+00 -3.141592653589793116e+00 6.458347209066717109e-01
-1.818816799446722365e+00 -3.141592653589793116e+00 5.118074203995059968e-01
-1.488122835910954622e+00 -3.141592653589793116e+00 3.477947596986611378e-01
-1.157428872375187101e+00 -3.141592653589793116e+00 1.715700555097170454e-01
-8.267349088394193579e-01 -3.141592653589793116e+00 2.229988939566662776e-03
-4.960409453036516148e-01 -3.141592653589793116e+00 -1.418748162170530014e-01
-1.653469817678838716e-01 -3.141592653589793116e+00 -2.451283683049828577e-01
1.653469817678838716e-01 -3.141592653589793116e+00 -2.963415428115621642e-01
4.960409453036516148e-01 -3.141592653589793116e+00 -2.899645976247272605e-01
8.267349088394189138e-01 -3.141592653589793116e+00 -2.266885737039662230e-01
1.157428872375186657e+00 -3.141592653589793116e+00 -1.133704100697687789e-01
1.488122835910954400e+00 -3.141592653589793116e+00 3.771011193562545660e-02
1.818816799446722143e+00 -3.141592653589793116e+00 2.101810734970970262e-01
2.149510762982489886e+00 -3.141592653589793116e+00 3.853525697667587457e-01
2.480204726518257630e+00 -3.141592653589793116e+00 5.442420510579735193e-01
2.810898690054025373e+00 -3.141592653589793116e+00 6.696313766485134655e-01
3.141592653589793116e+00 -3.141592653589793116e+00 7.479326674947968101e-01
-3.141592653589793116e+00 -2.810898690054025373e+00 7.430977241814916701e-01
-2.810898690054025373e+00 -2.810898690054025373e+00 7.699495960548128348e-01
-2.480204726518257630e+00 -2.810898690054025373e+00 7.402807396331769763e-01
-2.149510762982489886e+00 -2.810898690054025373e+00 6.573062358696013519e-01
-1.818816799446722365e+00 -2.810898690054025373e+00 5.300176597289543157e-01
-1.488122835910954622e+00 -2.810898690054025373e+00 3.722087035218331064e-01
-1.157428872375187101e+00 -2.810898690054025373e+00 2.009804163115266884e-01
-8.267349088394193579e-01 -2.810898690054025373e+00 3.488803989790262294e-02
-4.960409453036516148e-01 -2.810898690054025373e+00 -1.080697395458749543e-01
-1.653469817678838716e-01 -2.810898690054025373e+00 -2.124012283985665106e-01
1.653469817678838716e-01 -2.810898690054025373e+00 -2.668004909731414021e-01
4.960409453036516148e-01 -2.810898690054025373e+00 -2.653725230781119881e-01
8.267349088394189138e-01 -2.810898690054025373e+00 -2.082720671921096112e-01
1.157428872375186657e+00 -2.810898690054025373e+00 -1.016868437152451676e-01
1.488122835910954400e+00 -2.810898690054025373e+00 4.283298454862066729e-02
1.818816799446722143e+00 -2.810898690054025373e+00 2.096264517509104919e-01
2.149510762982489886e+00 -2.810898690054025373e+00 3.806188976529610302e-01
2.480204726518257630e+00 -2.810898690054025373e+00 5.372806375201135687e-01
2.810898690054025373e+00 -2.810898690054025373e+00 6.626349409804073165e-01
3.141592653589793116e+00 -2.810898690054025373e+00 7.430977241814928913e-01
-3.141592653589793116e+00 -2.480204726518257630e+00 7.025707132345910821e-01
-2.810898690054025373e+00 -2.480204726518257630e+00 7.413470368468286775e-01
-2.480204726518257630e+00 -2.480204726518257630e+00 7.279846387014257125e-01
-2.149510762982489886e+00 -2.480204726518257630e+00 6.639315419764028059e-01
-1.818816799446722365e+00 -2.480204726518257630e+00 5.561288935881174567e-01
-1.488122835910954622e+00 -2.480204726518257630e+00 4.162587832198774151e-01
-1.157428872375187101e+00 -2.480204726518257630e+00 2.594783076384615805e-01
-8.267349088394193579e-01 -2.480204726518257630e+00 1.027770640728378759e-01
-4.960409453036516148e-01 -2.480204726518257630e+00 -3.686393626633327480e-02
-1.653469817678838716e-01 -2.480204726518257630e+00 -1.443124242389385858e-01
1.653469817678838716e-01 -2.480204726518257630e+00 -2.079246889380762520e-01
4.960409453036516148e-01 -2.480204726518257630e+00 -2.208073544376054631e-01
8.267349088394189138e-01 -2.480204726518257630e+00 -1.815643840354998484e-01
1.157428872375186657e+00 -2.480204726518257630e+00 -9.444836249225657676e-02
1.488122835910954400e+00 -2.480204726518257630e+00 3.110033751356799936e-02
1.818816799446722143e+00 -2.480204726518257630e+00 1.814765662475409935e-01
2.149510762982489886e+00 -2.480204726518257630e+00 3.403847259987381468e-01
2.480204726518257630e+00 -2.480204726518257630e+00 4.906046519439672404e-01
2.810898690054025373e+00 -2.480204726518257630e+00 6.158576842047513988e-01
3.141592653589793116e+00 -2.480204726518257630e+00 7.025707132345925254e-01
-3.141592653589793116e+00 -2.149510762982489886e+00 6.307433651315587086e-01
-2.810898690054025373e+00 -2.149510762982489886e+00 6.879526172445822318e-01
-2.480204726518257630e+00 -2.149510762982489886e+00 6.997968940967316254e-01
-2.149510762982489886e+00 -2.149510762982489886e+00 6.649926845081867155e-01
-1.818816799446722365e+00 -2.149510762982489886e+00 5.873115646308193494e-01
-1.488122835910954622e+00 -2.149510762982489886e+00 4.751714891501047644e-01
-1.157428872375187101e+00 -2.149510762982489886e+00 3.407245752769371694e-01
-8.267349088394193579e-01 -2.149510762982489886e+00 1.985402322882815485e-01
-4.960409453036516148e-01 -2.149510762982489886e+00 6.402633996436024599e-02
-1.653469817678838716e-01 -2.149510762982489886e+00 -4.824043426344265528e-02
1.653469817678838716e-01 -2.149510762982489886e+00 -1.260942434090602249e-01
4.960409453036516148e-01 -2.149510762982489886e+00 -1.610984192252406522e-01
8.267349088394189138e-01 -2.149510762982489886e+00 -1.494597161165583388e-01
1.157428872375186657e+00 -2.149510762982489886e+00 -9.243936815791903294e-02
1.488122835910954400e+00 -2.149510762982489886e+00 3.783585187490390300e-03
1.818816799446722143e+00 -2.149510762982489886e+00 1.287818938717502082e-01
2.149510762982489886e+00 -2.149510762982489886e+00 2.690100516003184894e-01
2.480204726518257630e+00 -2.149510762982489886e+00 4.092721616192490086e-01
2.810898690054025373e+00 -2.149510762982489886e+00 5.343686479171119164e-01
3.141592653589793116e+00 -2.149510762982489886e+00 6.307433651315579315e-01
-3.141592653589793116e+00 -1.818816799446722365e+00 5.353992875554925979e-01
-2.810898690054025373e+00 -1.818816799446722365e+00 6.155524511117613784e-01
-2.480204726518257630e+00 -1.818816799446722365e+00 6.587720853249436903e-01
-2.149510762982489886e+00 -1.818816799446722365e+00 6.603746722063139618e-01
-1.818816799446722365e+00 -1.818816799446722365e+00 6.201865466005845873e-01
-1.488122835910954622e+00 -1.818816799446722365e+00 5.425627155001564450e-01
-1.157428872375187101e+00 -1.818816799446722365e+00 4.359149254625891423e-01
-8.267349088394193579e-01 -1.818816799446722365e+00 3.118001193494295831e-01
-4.960409453036516148e-01 -1.818816799446722365e+00 1.836680622426724585e-01
-1.653469817678838716e-01 -1.818816799446722365e+00 6.540385070355425601e-02
1.653469817678838716e-01 -1.818816799446722365e+00 -3.017675288934790201e-02
4.960409453036516148e-01 -1.818816799446722365e+00 -9.271610705086968940e-02
8.267349088394189138e-01 -1.818816799446722365e+00 -1.154371023595499590e-01
1.157428872375186657e+00 -1.818816799446722365e+00 -9.587756642112421623e-02
1.488122835910954400e+00 -1.818816799446722365e+00 -3.615707845199117587e-02
1.818816799446722143e+00 -1.818816799446722365e+00 5.725272001754544426e-02
2.149510762982489886e+00 -1.818816799446722365e+00 1.742294279209503638e-01
2.480204726518257630e+00 -1.818816799446722365e+00 3.020968038762548158e-01
2.810898690054025373e+00 -1.818816799446722365e+00 4.269984336319347373e-01
3.141592653589793116e+00 -1.818816799446722365e+00 5.353992875554951514e-01
-3.141592653589793116e+00 -1.488122835910954622e+00 4.268704907275576166e-01
-2.810898690054025373e+00 -1.488122835910954622e+00 5.319922198531850110e-01
-2.480204726518257630e+00 -1.488122835910954622e+00 6.093558869819739598e-01
-2.149510762982489886e+00 -1.488122835910954622e+00 6.505779383595373666e-01
-1.818816799446722365e+00 -1.488122835910954622e+00 6.511913250930905228e-01
-1.488122835910954622e+00 -1.488122835910954622e+00 6.111295772123807035e-01
-1.157428872375187101e+00 -1.488122835910954622e+00 5.347340067223406157e-01
-8.267349088394193579e-01 -1.488122835910954622e+00 4.302832590849885452e-01
-4.960409453036516148e-01 -1.488122835910954622e+00 3.090961935271580030e-01
-1.653469817678838716e-01 -1.488122835910954622e+00 1.843053090131157035e-01
1.653469817678838716e-01 -1.488122835910954622e+00 6.943363421003367897e-02
4.960409453036516148e-01 -1.488122835910954622e+00 -2.307070249948589558e-02
8.267349088394189138e-01 -1.488122835910954622e+00 -8.318342088029290204e-02
1.157428872375186657e+00 -1.488122835910954622e+00 -1.043903751509046018e-01
1.488122835910954400e+00 -1.488122835910954622e+00 -8.439346275629178162e-02
1.818816799446722143e+00 -1.488122835910954622e+00 -2.535965943848267345e-02
2.149510762982489886e+00 -1.488122835910954622e+00 6.631380620920224178e-02
2.480204726518257630e+00 -1.488122835910954622e+00 1.806926917234604191e-01
2.810898690054025373e+00 -1.488122835910954622e+00 3.053822700875433727e-01
3.141592653589793116e+00 -1.488122835910954622e+00 4.268704907275584493e-01
-3.141592653589793116e+00 -1.157428872375187101e+00 3.169177537818509416e-01
-2.810898690054025373e+00 -1.157428872375187101e+00 4.463269710962932124e-01
-2.480204726518257630e+00 -1.157428872375187101e+00 5.569033109295982165e-01
-2.149510762982489886e+00 -1.157428872375187101e+00 6.366641110921384961e-01
-1.818816799446722365e+00 -1.157428872375187101e+00 6.769660512699686716e-01
-1.488122835910954622e+00 -1.157428872375187101e+00 6.734417908957847088e-01
-1.157428872375187101e+00 -1.157428872375187101e+00 6.264732382656690302e-01
-8.267349088394193579e-01 -1.157428872375187101e+00 5.411501648492711425e-01
-4.960409453036516148e-01 -1.157428872375187101e+00 4.267186495751575936e-01
-1.653469817678838716e-01 -1.157428872375187101e+00 2.955791227111790320e-01
1.653469817678838716e-01 -1.157428872375187101e+00 1.619425868324639861e-01
4.960409453036516148e-01 -1.157428872375187101e+00 4.029063418597911284e-02
8.267349088394189138e-01 -1.157428872375187101e+00 -5.619385853449776480e-02
1.157428872375186657e+00 -1.157428872375187101e+00 -1.170552994315519069e-01
1.488122835910954400e+00 -1.157428872375187101e+00 -1.356984070214258264e-01
1.818816799446722143e+00 -1.157428872375187101e+00 -1.101029113191326347e-01
2.149510762982489886e+00 -1.157428872375187101e+00 -4.304248143905931023e-02
2.480204726518257630e+00 -1.157428872375187101e+00 5.821584449151312457e-02
2.810898690054025373e+00 -1.157428872375187101e+00 1.826991556731890620e-01
3.141592653589793116e+00 -1.157428872375187101e+00 3.169177537818499979e-01
-3.141592653589793116e+00 -8.267349088394193579e-01 2.174561618589332390e-01
-2.810898690054025373e+00 -8.267349088394193579e-01 3.678398637771880808e-01
-2.480204726518257630e+00 -8.267349088394193579e-01 5.070984076686781972e-01
-2.149510762982489886e+00 -8.267349088394193579e-01 6.201409694838184716e-01
-1.818816799446722365e+00 -8.267349088394193579e-01 6.947176336138660702e-01
-1.488122835910954622e+00 -8.267349088394193579e-01 7.227468613241567752e-01
-1.157428872375187101e+00 -8.267349088394193579e-01 7.011912508740014705e-01
-8.267349088394193579e-01 -8.267349088394193579e-01 6.323866871254349986e-01
-4.960409453036516148e-01 -8.267349088394193579e-01 5.237892121734175621e-01
-1.653469817678838716e-01 -8.267349088394193579e-01 3.871670474924472916e-01
1.653469817678838716e-01 -8.267349088394193579e-01 2.373253245370083864e-01
4.960409453036516148e-01 -8.267349088394193579e-01 9.050171902321496598e-02
8.267349088394189138e-01 -8.267349088394193579e-01 -3.739315318854447012e-02
1.157428872375186657e+00 -8.267349088394193579e-01 -1.324998982007115633e-01
1.488122835910954400e+00 -8.267349088394193579e-01 -1.845122244580228443e-01
1.818816799446722143e+00 -8.267349088394193579e-01 -1.877937893561007487e-01
2.149510762982489886e+00 -8.267349088394193579e-01 -1.419889844195102446e-01
2.480204726518257630e+00 -8.267349088394193579e-01 -5.206147099791608168e-02
2.810898690054025373e+00 -8.267349088394193579e-01 7.224370946031882790e-02
3.141592653589793116e+00 -8.267349088394193579e-01 2.174561618589339052e-01
-3.141592653589793116e+00 -4.960409453036516148e-01 1.392639217492715464e-01
-2.810898690054025373e+00 -4.960409453036516148e-01 3.050361938268453255e-01
-2.480204726518257630e+00 -4.960409453036516148e-01 4.653383112702282332e-01
-2.149510762982489886e+00 -4.960409453036516148e-01 6.027990523107948917e-01
-1.818816799446722365e+00 -4.960409453036516148e-01 7.025224127336416879e-01
-1.488122835910954622e+00 -4.960409453036516148e-01 7.537018190695831121e-01
-1.157428872375187101e+00 -4.960409453036516148e-01 7.507911885118132567e-01
-8.267349088394193579e-01 -4.960409453036516148e-01 6.941059330443459796e-01
-4.960409453036516148e-01 -4.960409453036516148e-01 5.897887796594498688e-01
-1.653469817678838716e-01 -4.960409453036516148e-01 4.491441105737863926e-01
1.653469817678838716e-01 -4.960409453036516148e-01 2.874129580096812520e-01
4.960409453036516148e-01 -4.960409453036516148e-01 1.221214018648500987e-01
8.267349088394189138e-01 -4.960409453036516148e-01 -2.881865298966101996e-02
1.157428872375186657e+00 -4.960409453036516148e-01 -1.490505095341063679e-01
1.488122835910954400e+00 -4.960409453036516148e-01 -2.255451805224188422e-01
1.818816799446722143e+00 -4.960409453036516148e-01 -2.500132814159007344e-01
2.149510762982489886e+00 -4.960409453036516148e-01 -2.198033138210410686e-01
2.480204726518257630e+00 -4.960409453036516148e-01 -1.381889964826870654e-01
2.810898690054025373e+00 -4.960409453036516148e-01 -1.401450706106521782e-02
3.141592653589793116e+00 -4.960409453036516148e-01 1.392639217492708803e-01
-3.141592653589793116e+00 -1.653469817678838716e-01 9.081437594635466404e-02
-2.810898690054025373e+00 -1.653469817678838716e-01 2.647217133837286851e-01
-2.480204726518257630e+00 -1.653469817678838716e-01 4.361483761536792403e-01
-2.149510762982489886e+00 -1.653469817678838716e-01 5.865176253863367828e-01
-1.818816799446722365e+00 -1.653469817678838716e-01 6.995346197080425377e-01
-1.488122835910954622e+00 -1.653469817678838716e-01 7.629522141446962724e-01
-1.157428872375187101e+00 -1.653469817678838716e-01 7.698981283137122933e-01
-8.267349088394193579e-01 -1.653469817678838716e-01 7.196196646379215967e-01
-4.960409453036516148e-01 -1.653469817678838716e-01 6.175652748073363618e-01
-1.653469817678838716e-01 -1.653469817678838716e-01 4.747941354971190187e-01
1.653469817678838716e-01 -1.653469817678838716e-01 3.067777149740079090e-01
4.960409453036516148e-01 -1.653469817678838716e-01 1.317231994450658306e-01
8.267349088394189138e-01 -1.653469817678838716e-01 -3.139953808147849523e-02
1.157428872375186657e+00 -1.653469817678838716e-01 -1.649136178845598266e-01
1.488122835910954400e+00 -1.653469817678838716e-01 -2.543507177331165159e-01
1.818816799446722143e+00 -1.653469817678838716e-01 -2.900189400989615640e-01
2.149510762982489886e+00 -1.653469817678838716e-01 -2.680530796392665005e-01
2.480204726518257630e+00 -1.653469817678838716e-01 -1.908334781702798466e-01
2.810898690054025373e+00 -1.653469817678838716e-01 -6.672807769673588796e-02
3.141592653589793116e+00 -1.653469817678838716e-01 9.081437594635549670e-02
-3.141592653589793116e+00 1.653469817678838716e-01 7.735778451009350798e-02
-2.810898690054025373e+00 1.653469817678838716e-01 2.512651219474675846e-01
-2.480204726518257630e+00 1.653469817678838716e-01 4.226917847174176401e-01
-2.149510762982489886e+00 1.653469817678838716e-01 5.730610339500734618e-01
-1.818816799446722365e+00 1.653469817678838716e-01 6.860780282717821033e-01
-1.488122835910954622e+00 1.653469817678838716e-01 7.494956227084335065e-01
-1.157428872375187101e+00 1.653469817678838716e-01 7.564415368774508597e-01
-8.267349088394193579e-01 1.653469817678838716e-01 7.061630732016579426e-01
-4.960409453036516148e-01 1.653469817678838716e-01 6.041086833710740400e-01
-1.653469817678838716e-01 1.653469817678838716e-01 4.613375440608567524e-01
1.653469817678838716e-01 1.653469817678838716e-01 2.933211235377490844e-01
4.960409453036516148e-01 1.653469817678838716e-01 1.182666080088035088e-01
8.267349088394189138e-01 1.653469817678838716e-01 -4.485612951773859658e-02
1.157428872375186657e+00 1.653469817678838716e-01 -1.783702093208236472e-01
1.488122835910954400e+00 1.653469817678838716e-01 -2.678073091693775054e-01
1.818816799446722143e+00 1.653469817678838716e-01 -3.034755315352224980e-01
2.149510762982489886e+00 1.653469817678838716e-01 -2.815096710755288778e-01
2.480204726518257630e+00 1.653469817678838716e-01 -2.042900696065408916e-01
2.810898690054025373e+00 1.653469817678838716e-01 -8.018466913299848731e-02
3.141592653589793116e+00 1.653469817678838716e-01 7.735778451009350798e-02
-3.141592653589793116e+00 4.960409453036516148e-01 1.003523779231358937e-01
-2.810898690054025373e+00 4.960409453036516148e-01 2.661246500007107829e-01
-2.480204726518257630e+00 4.960409453036516148e-01 4.264267674440926914e-01
-2.149510762982489886e+00 4.960409453036516148e-01 5.638875084846570740e-01
-1.818816799446722365e+00 4.960409453036516148e-01 6.636108689075046474e-01
-1.488122835910954622e+00 4.960409453036516148e-01 7.147902752434467377e-01
-1.157428872375187101e+00 4.960409453036516148e-01 7.118796446856765492e-01
-8.267349088394193579e-01 4.960409453036516148e-01 6.551943892182094942e-01
-4.960409453036516148e-01 4.960409453036516148e-01 5.508772358333146046e-01
-1.653469817678838716e-01 4.960409453036516148e-01 4.102325667476478532e-01
1.653469817678838716e-01 4.960409453036516148e-01 2.485014141835431012e-01
4.960409453036516148e-01 4.960409453036516148e-01 8.320985803871722153e-02
8.267349088394189138e-01 4.960409453036516148e-01 -6.773019681579611762e-02
1.157428872375186657e+00 4.960409453036516148e-01 -1.879620533602411325e-01
1.488122835910954400e+00 4.960409453036516148e-01 -2.644567243485522190e-01
1.818816799446722143e+00 4.960409453036516148e-01 -2.889248252420363872e-01
2.149510762982489886e+00 4.960409453036516148e-01 -2.587148576471781647e-01
2.480204726518257630e+00 4.960409453036516148e-01 -1.771005403088251606e-01
2.810898690054025373e+00 4.960409453036516148e-01 -5.292605088720236939e-02
3.141592653589793116e+00 4.960409453036516148e-01 1.003523779231338398e-01
-3.141592653589793116e+00 8.267349088394189138e-01 1.573063351912961094e-01
-2.810898690054025373e+00 8.267349088394189138e-01 3.076900371095508957e-01
-2.480204726518257630e+00 8.267349088394189138e-01 4.469485810010422888e-01
-2.149510762982489886e+00 8.267349088394189138e-01 5.599911428161813420e-01
-1.818816799446722365e+00 8.267349088394189138e-01 6.345678069462268311e-01
-1.488122835910954622e+00 8.267349088394189138e-01 6.625970346565167590e-01
-1.157428872375187101e+00 8.267349088394189138e-01 6.410414242063636747e-01
-8.267349088394193579e-01 8.267349088394189138e-01 5.722368604577944273e-01
-4.960409453036516148e-01 8.267349088394189138e-01 4.636393855057800995e-01
-1.653469817678838716e-01 8.267349088394189138e-01 3.270172208248065537e-01
1.653469817678838716e-01 8.267349088394189138e-01 1.771754978693725335e-01
4.960409453036516148e-01 8.267349088394189138e-01 3.035189235557633758e-02
8.267349088394189138e-01 8.267349088394189138e-01 -9.754297985618165523e-02
1.157428872375186657e+00 8.267349088394189138e-01 -1.926497248683480823e-01
1.488122835910954400e+00 8.267349088394189138e-01 -2.446620511256626385e-01
1.818816799446722143e+00 8.267349088394189138e-01 -2.479436160237372122e-01
2.149510762982489886e+00 8.267349088394189138e-01 -2.021388110871515376e-01
2.480204726518257630e+00 8.267349088394189138e-01 -1.122112976655533223e-01
2.810898690054025373e+00 8.267349088394189138e-01 1.209388279268008848e-02
3.141592653589793116e+00 8.267349088394189138e-01 1.573063351912969421e-01
-3.141592653589793116e+00 1.157428872375186657e+00 2.420478113128743392e-01
-2.810898690054025373e+00 1.157428872375186657e+00 3.714570286273163879e-01
-2.480204726518257630e+00 1.157428872375186657e+00 4.820333684606237235e-01
-2.149510762982489886e+00 1.157428872375186657e+00 5.617941686231634479e-01
-1.818816799446722365e+00 1.157428872375186657e+00 6.020961088009919582e-01
-1.488122835910954622e+00 1.157428872375186657e+00 5.985718484268076622e-01
-1.157428872375187101e+00 1.157428872375186657e+00 5.516032957966896522e-01
-8.267349088394193579e-01 1.157428872375186657e+00 4.662802223802948176e-01
-4.960409453036516148e-01 1.157428872375186657e+00 3.518487071061808247e-01
-1.653469817678838716e-01 1.157428872375186657e+00 2.207091802422039284e-01
1.653469817678838716e-01 1.157428872375186657e+00 8.707264436348988168e-02
4.960409453036516148e-01 1.157428872375186657e+00 -3.457930828299560222e-02
8.267349088394189138e-01 1.157428872375186657e+00 -1.310638010034768097e-01
1.157428872375186657e+00 1.157428872375186657e+00 -1.919252419005280097e-01
1.488122835910954400e+00 1.157428872375186657e+00 -2.105683494903983766e-01
1.818816799446722143e+00 1.157428872375186657e+00 -1.849728537881094592e-01
2.149510762982489886e+00 1.157428872375186657e+00 -1.179124239080358016e-01
2.480204726518257630e+00 1.157428872375186657e+00 -1.665409797746442155e-02
2.810898690054025373e+00 1.157428872375186657e+00 1.078292132042112939e-01
3.141592653589793116e+00 1.157428872375186657e+00 2.420478113128731179e-01
-3.141592653589793116e+00 1.488122835910954400e+00 3.453937524506116019e-01
-2.810898690054025373e+00 1.488122835910954400e+00 4.505154815762354437e-01
-2.480204726518257630e+00 1.488122835910954400e+00 5.278791487050251696e-01
-2.149510762982489886e+00 1.488122835910954400e+00 5.691012000825899086e-01
-1.818816799446722365e+00 1.488122835910954400e+00 5.697145868161431759e-01
-1.488122835910954622e+00 1.488122835910954400e+00 5.296528389354320243e-01
-1.157428872375187101e+00 1.488122835910954400e+00 4.532572684453954337e-01
-8.267349088394193579e-01 1.488122835910954400e+00 3.488065208080391444e-01
-4.960409453036516148e-01 1.488122835910954400e+00 2.276194552502102120e-01
-1.653469817678838716e-01 1.488122835910954400e+00 1.028285707361670243e-01
1.653469817678838716e-01 1.488122835910954400e+00 -1.204310406691261326e-02
4.960409453036516148e-01 1.488122835910954400e+00 -1.045474407764314106e-01
8.267349088394189138e-01 1.488122835910954400e+00 -1.646601591572413037e-01
1.157428872375186657e+00 1.488122835910954400e+00 -1.858671134278523374e-01
1.488122835910954400e+00 1.488122835910954400e+00 -1.658702010332411825e-01
1.818816799446722143e+00 1.488122835910954400e+00 -1.068363977154295208e-01
2.149510762982489886e+00 1.488122835910954400e+00 -1.516293206774405045e-02
2.480204726518257630e+00 1.488122835910954400e+00 9.921595344651173987e-02
2.810898690054025373e+00 1.488122835910954400e+00 2.239055318105964698e-01
3.141592653589793116e+00 1.488122835910954400e+00 3.453937524506133228e-01
-3.141592653589793116e+00 1.818816799446722143e+00 4.561450223047381347e-01
-2.810898690054025373e+00 1.818816799446722143e+00 5.362981858610061936e-01
-2.480204726518257630e+00 1.818816799446722143e+00 5.795178200741863961e-01
-2.149510762982489886e+00 1.818816799446722143e+00 5.811204069555575558e-01
-1.818816799446722365e+00 1.818816799446722143e+00 5.409322813498282922e-01
-1.488122835910954622e+00 1.818816799446722143e+00 4.633084502493965418e-01
-1.157428872375187101e+00 1.818816799446722143e+00 3.566606602118348457e-01
-8.267349088394193579e-01 1.818816799446722143e+00 2.325458540986700684e-01
-4.960409453036516148e-01 1.818816799446722143e+00 1.044137969919177733e-01
-1.653469817678838716e-01 1.818816799446722143e+00 -1.385041454720281617e-02
1.653469817678838716e-01 1.818816799446722143e+00 -1.094310181401043081e-01
4.960409453036516148e-01 1.818816799446722143e+00 -1.719703723016293706e-01
8.267349088394189138e-01 1.818816799446722143e+00 -1.946913676103079194e-01
1.157428872375186657e+00 1.818816799446722143e+00 -1.751318316718804557e-01
1.488122835910954400e+00 1.818816799446722143e+00 -1.154113437027468048e-01
1.818816799446722143e+00 1.818816799446722143e+00 -2.200154523321018463e-02
2.149510762982489886e+00 1.818816799446722143e+00 9.497516267019240344e-02
2.480204726518257630e+00 1.818816799446722143e+00 2.228425386254972440e-01
2.810898690054025373e+00 1.818816799446722143e+00 3.477441683811767215e-01
3.141592653589793116e+00 1.818816799446722143e+00 4.561450223047354702e-01
-3.141592653589793116e+00 2.149510762982489886e+00 5.623000023035398254e-01
-2.810898690054025373e+00 2.149510762982489886e+00 6.195092544165681225e-01
-2.480204726518257630e+00 2.149510762982489886e+00 6.313535312687168499e-01
-2.149510762982489886e+00 2.149510762982489886e+00 5.965493216801731613e-01
-1.818816799446722365e+00 2.149510762982489886e+00 5.188682018028027976e-01
-1.488122835910954622e+00 2.149510762982489886e+00 4.067281263220886012e-01
-1.157428872375187101e+00 2.149510762982489886e+00 2.722812124489198404e-01
-8.267349088394193579e-01 2.149510762982489886e+00 1.300968694602664399e-01
-4.960409453036516148e-01 2.149510762982489886e+00 -4.417022863656250298e-03
-1.653469817678838716e-01 2.149510762982489886e+00 -1.166837970914590406e-01
1.653469817678838716e-01 2.149510762982489886e+00 -1.945376062370729464e-01
4.960409453036516148e-01 2.149510762982489886e+00 -2.295417820532557052e-01
8.267349088394189138e-01 2.149510762982489886e+00 -2.179030789445752792e-01
1.157428872375186657e+00 2.149510762982489886e+00 -1.608827309859369725e-01
1.488122835910954400e+00 2.149510762982489886e+00 -6.465977764052438514e-02
1.818816799446722143e+00 2.149510762982489886e+00 6.033853104373637644e-02
2.149510762982489886e+00 2.149510762982489886e+00 2.005666887723013270e-01
2.480204726518257630e+00 2.149510762982489886e+00 3.408287987912329564e-01
2.810898690054025373e+00 2.149510762982489886e+00 4.659252850890965303e-01
3.141592653589793116e+00 2.149510762982489886e+00 5.623000023035402695e-01
-3.141592653589793116e+00 2.480204726518257630e+00 6.523551531999313147e-01
-2.810898690054025373e+00 2.480204726518257630e+00 6.911314768121676888e-01
-2.480204726518257630e+00 2.480204726518257630e+00 6.777690786667651679e-01
-2.149510762982489886e+00 2.480204726518257630e+00 6.137159819417385975e-01
-1.818816799446722365e+00 2.480204726518257630e+00 5.059133335534552467e-01
-1.488122835910954622e+00 2.480204726518257630e+00 3.660432231852182028e-01
-1.157428872375187101e+00 2.480204726518257630e+00 2.092627476037992040e-01
-8.267349088394193579e-01 2.480204726518257630e+00 5.256150403817727579e-02
-4.960409453036516148e-01 2.480204726518257630e+00 -8.707949630099587335e-02
-1.653469817678838716e-01 2.480204726518257630e+00 -1.945279842736001297e-01
1.653469817678838716e-01 2.480204726518257630e+00 -2.581402489727364080e-01
4.960409453036516148e-01 2.480204726518257630e+00 -2.710229144722649530e-01
8.267349088394189138e-01 2.480204726518257630e+00 -2.317799440701621139e-01
1.157428872375186657e+00 2.480204726518257630e+00 -1.446639225269195639e-01
1.488122835910954400e+00 2.480204726518257630e+00 -1.911522252109565390e-02
1.818816799446722143e+00 2.480204726518257630e+00 1.312610062128787280e-01
2.149510762982489886e+00 2.480204726518257630e+00 2.901691659640771581e-01
2.480204726518257630e+00 2.480204726518257630e+00 4.403890919093061407e-01
2.810898690054025373e+00 2.480204726518257630e+00 5.656421241700910763e-01
3.141592653589793116e+00 2.480204726518257630e+00 6.523551531999320918e-01
-3.141592653589793116e+00 2.810898690054025373e+00 7.165516020446346390e-01
-2.810898690054025373e+00 2.810898690054025373e+00 7.434034739179551377e-01
-2.480204726518257630e+00 2.810898690054025373e+00 7.137346174963139500e-01
-2.149510762982489886e+00 2.810898690054025373e+00 6.307601137327456531e-01
-1.818816799446722365e+00 2.810898690054025373e+00 5.034715375920933988e-01
-1.488122835910954622e+00 2.810898690054025373e+00 3.456625813849753537e-01
-1.157428872375187101e+00 2.810898690054025373e+00 1.744342941746702125e-01
-8.267349088394193579e-01 2.810898690054025373e+00 8.341917761043315949e-03
-4.960409453036516148e-01 2.810898690054025373e+00 -1.346158616827330401e-01
-1.653469817678838716e-01 2.810898690054025373e+00 -2.389473505354270388e-01
1.653469817678838716e-01 2.810898690054025373e+00 -2.933466131100007090e-01
4.960409453036516148e-01 2.810898690054025373e+00 -2.919186452149681865e-01
8.267349088394189138e-01 2.810898690054025373e+00 -2.348181893289684741e-01
1.157428872375186657e+00 2.810898690054025373e+00 -1.282329658521033089e-01
1.488122835910954400e+00 2.810898690054025373e+00 1.628686241176202643e-02
1.818816799446722143e+00 2.810898690054025373e+00 1.830803296140548486e-01
2.149510762982489886e+00 2.810898690054025373e+00 3.540727755161064416e-01
2.480204726518257630e+00 2.810898690054025373e+00 5.107345153832557605e-01
2.810898690054025373e+00 2.810898690054025373e+00 6.360888188435492863e-01
3.141592653589793116e+00 2.810898690054025373e+00 7.165516020446353052e-01
-3.141592653589793116e+00 3.141592653589793116e+00 7.479326674947993636e-01
-2.810898690054025373e+00 3.141592653589793116e+00 7.706607637639177888e-01
-2.480204726518257630e+00 3.141592653589793116e+00 7.353527235623674718e-01
-2.149510762982489886e+00 3.141592653589793116e+00 6.458347209066721550e-01
-1.818816799446722365e+00 3.141592653589793116e+00 5.118074203995042204e-01
-1.488122835910954622e+00 3.141592653589793116e+00 3.477947596986608048e-01
-1.157428872375187101e+00 3.141592653589793116e+00 1.715700555097162683e-01
-8.267349088394193579e-01 3.141592653589793116e+00 2.229988939565441530e-03
-4.960409453036516148e-01 3.141592653589793116e+00 -1.418748162170530569e-01
-1.653469817678838716e-01 3.141592653589793116e+00 -2.451283683049824136e-01
1.653469817678838716e-01 3.141592653589793116e+00 -2.963415428115636630e-01
4.960409453036516148e-01 3.141592653589793116e+00 -2.899645976247267054e-01
8.267349088394189138e-01 3.141592653589793116e+00 -2.266885737039652793e-01
1.157428872375186657e+00 3.141592653589793116e+00 -1.133704100697700001e-01
1.488122835910954400e+00 3.141592653589793116e+00 3.771011193562512354e-02
1.818816799446722143e+00 3.141592653589793116e+00 2.101810734970993577e-01
2.149510762982489886e+00 3.141592653589793116e+00 3.853525697667581906e-01
2.480204726518257630e+00 3.141592653589793116e+00 5.442420510579721871e-01
2.810898690054025373e+00 3.141592653589793116e+00 6.696313766485141317e-01
3.141592653589793116e+00 3.141592653589793116e+00 7.479326674948001408e-01
