idx loss l2_error
0 13.05429441508327 0.35388914048127834
1 1.4530263308549114 0.25783864476870283
2 1.0662182782698006 0.1996772668649259
3 0.8210304460387197 0.2241888915792465
4 0.7312930260544962 0.2585789743124842
5 0.6535886150308572 0.343960215026115
6 0.5956759919981431 0.3973833207398165
7 0.5520891419269824 0.532854949508201
8 0.43243482712185816 0.6217194488341348
9 0.4027719569229472 0.6702059999841826
10 0.36608348735266116 0.6743996068056808
11 0.34883717625396926 0.6969415857317212
12 0.34099371949759516 0.6733810062224034
13 0.328438677780642 0.7041216463786834
14 0.30847272140525483 0.6817188750175194
15 0.29920148242063876 0.6826746661855401
16 0.2896019525318869 0.7025639718634089
17 0.28331759433440573 0.6898619171721327
18 0.2773056910232664 0.6784812145260126
19 0.27144056472448974 0.683752273217496
20 0.25847952236660676 0.6888437801200122
21 0.25112752608863304 0.665806904519526
22 0.24714328381669914 0.6619944335938368
23 0.24025451195391484 0.6702310807477818
24 0.23479415357769318 0.6702803014314214
25 0.2291432251283894 0.6680066156332001
26 0.22615101615050923 0.6649661546669753
27 0.22177852345849805 0.6714709708454822
28 0.21754269505499207 0.6652488000967091
29 0.21070322057173482 0.6464120750369501
30 0.19549154872426985 0.6468554832982664
31 0.18346959240457628 0.6456956030815263
32 0.17354480017059282 0.6470397047781818
33 0.16485047348172027 0.6319571744244525
34 0.1588065389667595 0.6392077171596333
35 0.15253580349326182 0.6599592223118728
36 0.149179525047188 0.6569367995443872
37 0.14659703140334657 0.6550875671044063
38 0.1425657759607056 0.6560906888588529
39 0.13900551140527548 0.6547717845730091
40 0.137073848995506 0.659586170616294
41 0.13455395773427636 0.6559113921659219
42 0.13272859183103564 0.65373636210949
43 0.13141427825213547 0.6469486073436405
44 0.1266240941718047 0.6491303872136361
45 0.12316215820669282 0.6415036910609585
46 0.12145099019181055 0.6362753370702369
47 0.12001530041856562 0.6419187858898513
48 0.11773848666169207 0.6435502496214864
49 0.11576110938325254 0.6481454373845074
50 0.11378324579067473 0.649048752759063
51 0.11237323218937487 0.6483372602452117
52 0.11029904584428638 0.6428527168363861
53 0.10842263304704008 0.631910715972831
54 0.10695824895260382 0.6318383377023004
55 0.10481386727917577 0.6352903138300526
56 0.10350107727716581 0.6286260822155076
57 0.1019823108890768 0.6308454305796871
58 0.10114988483304442 0.6276907798336201
59 0.09976315530774138 0.6320939747161626
60 0.09800663611257364 0.6337727225537949
61 0.09569849998279413 0.6281746898855912
62 0.09496840597086223 0.6276193676343116
63 0.09389816821423844 0.6288317664532918
64 0.09253918496375375 0.6238793332543131
65 0.09050005320455565 0.6206772058092035
66 0.08931050196350383 0.6143237892247733
67 0.08794641763550387 0.615660661803801
68 0.08657674011296224 0.6096037721864572
69 0.0850144849641683 0.6181467881546551
70 0.08385539630001311 0.6188366425453773
71 0.08314189439127556 0.6108680276957472
72 0.08241562087734564 0.6100512638252875
73 0.08039729889766803 0.6049800624509748
74 0.07845510903066749 0.5905989523340005
75 0.07640455161357845 0.5809324321543893
76 0.07428598272647713 0.5847750423338153
77 0.07252523935611405 0.5823963270287983
78 0.06983752044398554 0.5870084733573446
79 0.06858623222938046 0.5851957218551794
80 0.06660879798256786 0.5880648918193414
81 0.06403747378798899 0.5795309670831114
82 0.06256335058589545 0.5719924819724672
83 0.06007054532985663 0.5661414464583175
84 0.05841222320146267 0.5695741977438177
85 0.05734172325639771 0.5643939970373737
86 0.05567288704831596 0.5496921183741865
87 0.05424497875192318 0.5448688771101705
88 0.0532700116100224 0.5376953161123548
89 0.05205070028046667 0.5374022357255526
90 0.050928993856242444 0.5281656005989956
91 0.04989253155522669 0.5223927566840288
92 0.04829375378069051 0.5244290659644518
93 0.04671977466981549 0.5281547617650589
94 0.045633900107940516 0.5346365645139047
95 0.044427624243028506 0.5337092583424512
96 0.043673167621245124 0.5261066221334363
97 0.043038504977736515 0.519656235878381
98 0.04214503375969002 0.5110786266273288
99 0.0411454593417029 0.5060445009323776
100 0.03984518180635452 0.5132985638607336
101 0.0388972069050238 0.5043393640440899
102 0.03827329823291973 0.494759078683768
103 0.03762235688811066 0.492391605677338
104 0.03717878314222338 0.49368739354941754
105 0.036929339220171505 0.4938331882236581
106 0.036656655502837726 0.4955292181177414
107 0.03614881487538925 0.4917084136987409
108 0.03577645934164483 0.486045395129381
109 0.03554769816910875 0.4867417541106614
110 0.035255618799687916 0.4865271614144624
111 0.034976837234367876 0.4897612593931842
112 0.03471039771079253 0.49288011924304564
113 0.03437858723844254 0.4911997958791286
114 0.034205361588878366 0.4878446819648664
115 0.033955224841227115 0.4851738189387296
116 0.033581127595033795 0.48203508026353575
117 0.033095574807421625 0.47112496822970984
118 0.032557946457857805 0.46291961804855003
119 0.03216047611223897 0.45698817124067564
120 0.03170670380202382 0.4541981658581541
121 0.031360377816641284 0.4495925181954287
122 0.030895477578285608 0.4471695306517564
123 0.030644983234633567 0.4369096240891282
124 0.03039852091030408 0.437838116526495
125 0.030207109769098735 0.4364364209907387
126 0.029898282337476885 0.4328012941740324
127 0.02937634765685741 0.431291228661696
128 0.02898521704765019 0.4295117146865634
129 0.028736109164071127 0.4280993023228315
130 0.02841107590351201 0.42053495508688465
131 0.028184471078356782 0.41792143533315196
132 0.027544489548017526 0.41152868260241104
133 0.026933010569984983 0.40503782272498806
134 0.026559926443863485 0.4011341134508172
135 0.026356900873781914 0.40213631603155686
136 0.02565616854263966 0.3878175171598222
137 0.025092176850033353 0.3751614792549763
138 0.024599263830856064 0.36705845631616724
139 0.02388280692020636 0.3569356915736325
140 0.023005716625240785 0.34789156054449577
141 0.022144353914577655 0.3347281792959739
142 0.021426965435432883 0.3319961243489273
143 0.0211009190811947 0.3336724814419964
144 0.02089403079694489 0.3365249371102094
145 0.020585712746145055 0.325842939730948
146 0.020266598383154335 0.3189883161352416
147 0.02001803852020976 0.3242564371004759
148 0.019732410263425502 0.3107964167698112
149 0.01949072033884994 0.3078562606218783
150 0.019109054854926814 0.3023795026232965
151 0.018808006377675577 0.2917564024302956
152 0.018601149293112223 0.2882304531171803
153 0.0182439274790185 0.2821406018367248
154 0.017872757942799668 0.2765422238138481
155 0.017618567780638434 0.27285274842282115
156 0.017405344441462977 0.2738957901646968
157 0.01718441958929324 0.27380715953063417
158 0.01703238210102021 0.2655795978880134
159 0.016783209100125433 0.26577955194536473
160 0.016567577699152874 0.2615601825129169
161 0.01644338692968964 0.2601128647236288
162 0.01626832331810935 0.2522185595154485
163 0.015879407212387835 0.253778798278064
164 0.015639342018130102 0.24908270487617112
165 0.015398797469860103 0.25064671307237074
166 0.015259329549935932 0.2472368601598857
167 0.014997364765351715 0.24519077857404664
168 0.014709877034907209 0.24050514860957856
169 0.014440379772917209 0.23146208992022105
170 0.01419726130023086 0.2286607106273704
171 0.014037375761773978 0.22727264831331367
172 0.013862019810642574 0.22323273129480994
173 0.013549021418975684 0.22117961546108272
174 0.013353414692227847 0.2214780570883104
175 0.013161251340387032 0.2233604636876551
176 0.013008730778927821 0.21947965445544942
177 0.012872164517159793 0.2159033179205984
178 0.01258961360078392 0.21030265067269757
179 0.012313348405753616 0.20778810032057138
180 0.012039160980196764 0.20170042781145375
181 0.01186483249378791 0.20116477527366597
182 0.01169679069573976 0.19909430705524342
183 0.011588187533333542 0.19623643417102235
184 0.011430476605726334 0.196561272307144
185 0.011289064805138546 0.19174513517543862
186 0.011116194106841991 0.19285659623274617
187 0.011058715013175709 0.19157995976856998
188 0.010988816009761983 0.1903034301317004
189 0.010876264775433981 0.18881315825497536
190 0.010718359421184948 0.19112576385830266
191 0.010617511205706837 0.19025455691437623
192 0.010519395789632686 0.18829190350537037
193 0.010448761464659548 0.18920722075086446
194 0.01037730492723125 0.18841088109925597
195 0.010248378944368874 0.18547600802967446
196 0.01012601377001287 0.18163382601159153
197 0.010046246079341254 0.18124043737003914
198 0.009955229823930484 0.18304252501331034
199 0.009882663243407714 0.1827428217186328
200 0.009763551690428914 0.1831177648106278
201 0.009674905213671408 0.1816102215692281
202 0.009598293840264688 0.18044986464894927
203 0.009537547207042963 0.17889648350446818
204 0.009441504666475697 0.180473472416109
205 0.009396297577867384 0.18081838706889639
206 0.009289965235437176 0.18139939049389797
207 0.009243963328051413 0.18128194067462916
208 0.009175577415613553 0.18068159227934247
209 0.009124004075860852 0.18068775950656146
210 0.009063734275919126 0.18032150161363256
211 0.008981545987361216 0.1785835922544734
212 0.008935449606687936 0.17838228244297985
213 0.008900054753813379 0.17684558805342915
214 0.008842623510800143 0.17591600460966575
215 0.00875715638317351 0.17512456459028036
216 0.008695055110074202 0.1733005487574508
217 0.008660771677090107 0.17283641146202836
218 0.008636313688981259 0.1722986098127167
219 0.00860721093976733 0.1716825683333072
220 0.00857414061049604 0.1708478241748855
221 0.00853982707357553 0.17017138779047977
222 0.00851869813955034 0.16983192256007318
223 0.008497401047658419 0.1696678581623177
224 0.008453789957385594 0.170597265021766
225 0.008419381486296985 0.16807091760247075
226 0.00837054475710682 0.16646370431179677
227 0.008344894291717177 0.16694807595192196
228 0.008317976114787158 0.166662785274498
229 0.008285836314756018 0.16634950732193715
230 0.008266619669053045 0.16675193558296791
231 0.008229345031110823 0.1656648517063368
232 0.008170648983642302 0.16259373904746868
233 0.008146146506739066 0.16196248553271475
234 0.008133747601839998 0.1620749812628852
235 0.008121371051861604 0.16135823061530316
236 0.008104797254552817 0.16097354786463328
237 0.008078030527301057 0.1605929400904442
238 0.00806479928280397 0.16111209121770803
239 0.008042736176208341 0.16151847778082112
240 0.008022279487652079 0.16128740345534542
241 0.007996493073023983 0.16084516615713748
242 0.007986900433895876 0.15974881369370975
243 0.007976859346152805 0.16003550070344058
244 0.007951714812368834 0.15860546452667013
245 0.007934995904955864 0.15727192334668733
246 0.007921516405355695 0.1579919848266914
247 0.00790805847132093 0.1577134360394844
248 0.00789476428305633 0.1570068348085244
249 0.007867757868404799 0.1555312939358368
250 0.007858031678412043 0.15561514566656284
251 0.007833902379797527 0.15487799397379268
252 0.007778836479492588 0.15373607238173878
253 0.007745254098661931 0.15402090054297082
254 0.00773184999591369 0.15382618911221185
255 0.007725071833659905 0.15394928772939406
256 0.007717787953324637 0.15335406515555855
257 0.007707466044394064 0.15177593202964623
258 0.007687594502240723 0.1516827421937808
259 0.00767180350260758 0.15082800837402383
260 0.00766289401953627 0.1505658843471753
261 0.0076431275630611676 0.15029690911277785
262 0.007623420023235286 0.15084873845947414
263 0.0076054965006623326 0.1507128101488052
264 0.007595289079954801 0.15043868787728693
265 0.007584979907900049 0.15041974101703007
266 0.0075709335795395225 0.15031717139273215
267 0.007565829639087956 0.14990532201048365
268 0.0075616005712730115 0.14969638863162263
269 0.007550642824520153 0.14939613382348763
270 0.007541858945965004 0.14950799784410562
271 0.007532540155253577 0.14974269888761965
272 0.007525355775958051 0.14971289318909534
273 0.007512421556436024 0.14986667241047677
274 0.0074925413467597365 0.14971474125879214
275 0.007466220948583481 0.14882779531787757
276 0.007448013838962242 0.14843433885687624
277 0.007437923902439119 0.14744242860140044
278 0.0074231441694951016 0.146694790012504
279 0.007403336444365499 0.145674529316649
280 0.0073827762903845035 0.145767975944666
281 0.007366230675898212 0.14585283877682265
282 0.0073572886653317975 0.1457294936613178
283 0.0073480499621966094 0.14515807883366025
284 0.007334436672514834 0.14432361153869824
285 0.00732237402080557 0.14341504246147158
286 0.007315901638371639 0.14351945999463045
287 0.0073014922256465385 0.14340703593151208
288 0.007289603459592449 0.14320448774889946
289 0.007280106688193483 0.1431864579628567
290 0.007258569077606602 0.14274892087419613
291 0.007250869471700259 0.14251028160479487
292 0.00724504322350204 0.14261857485988755
293 0.0072394276876798875 0.14228334112285765
294 0.007223508534070675 0.14176118942434096
295 0.007213522273138432 0.14128014595093705
296 0.007206319813480886 0.14154903439285643
297 0.007200142158150957 0.14125928633761878
298 0.007195514220963776 0.14130007236974299
299 0.0071898329568276876 0.14102489373474958
300 0.007184405224590524 0.14100789457566903
301 0.007178446990513774 0.14107184425044178
302 0.007169959608346649 0.14076850999347662
303 0.007164515276397384 0.14059249592973722
304 0.007156618793455237 0.1398759196342479
305 0.007142441347842126 0.13968698411576702
306 0.007136590626954017 0.13962196179718026
307 0.007128226650498784 0.13902241331541274
308 0.007116532209791597 0.13896871349082482
309 0.007091973761747105 0.13908390609429627
310 0.007081079461186766 0.13857887189496337
311 0.007066905867025349 0.13890960190952698
312 0.007056835860541481 0.13912481345648817
313 0.007049960331562443 0.1387913206758701
314 0.007041888422415554 0.1388214907614153
315 0.007033291446600055 0.13882546198363543
316 0.00702945653162194 0.1386368919691253
317 0.007025502618045404 0.13847602672020964
318 0.007019691398724534 0.13815097537955093
319 0.007014983045718425 0.1379918103281965
320 0.007005528427294018 0.13778406347202002
321 0.0069939409905007115 0.13753552543396744
322 0.006988037799942052 0.13741596173429713
323 0.00698111891173562 0.13751037769719604
324 0.00697372219154356 0.13721540066036392
325 0.006965634154266311 0.1372535161982852
326 0.006958420080726661 0.13691915612581423
327 0.006946951630913633 0.13708495524686623
328 0.006941964662352866 0.13653967129636096
329 0.0069369933499610755 0.13645052053634898
330 0.0069314889612969765 0.1360739015001956
331 0.006923430454557413 0.1357077833141251
332 0.006918432696841324 0.1356460715993178
333 0.006911408205884137 0.1354272642892698
334 0.006907205653134301 0.13521890124040312
335 0.006901894660389817 0.13492502466584108
336 0.006887403509876529 0.13457003007097565
337 0.0068786500879952535 0.13462237376866448
338 0.006873175100972438 0.13413963078702223
339 0.006863113064688364 0.13312155637459086
340 0.006855797892979238 0.13235812955627926
341 0.006849279842730194 0.13218297773304635
342 0.006844282964895763 0.1321943979338705
343 0.006837944935484197 0.13244928449633867
344 0.006834739555897962 0.13254928772899022
345 0.006826898070462303 0.13247470150639262
346 0.006822398328526764 0.1323101515809859
347 0.00682056528346788 0.13210615065227013
348 0.00681624201950509 0.1316806057055955
349 0.006809353580613791 0.13147981435922065
350 0.006806052332395904 0.13147033618136936
351 0.00680064840167191 0.13143550926467218
352 0.006795293994197749 0.13115449183515165
353 0.0067886458491588815 0.13064894761364312
354 0.006782333505876992 0.13051393630071884
355 0.006777413996093165 0.13018091245983815
356 0.006770468867643051 0.13015483508473258
357 0.006764992347930934 0.13026760935635043
358 0.006760792441863248 0.13049589684678126
359 0.006755443236235044 0.13066891104342737
360 0.006753072699487485 0.13088312672659727
361 0.006749444872559757 0.13075728627685676
362 0.006742672412439664 0.13072230715023886
363 0.006735728345925196 0.13071858284256915
364 0.006731765900624133 0.13047310168972945
365 0.0067269552569001545 0.13026239993982847
366 0.006723647095330012 0.13028077906230143
367 0.006720009195750983 0.12991096548077904
368 0.006714980249164543 0.1297879566711364
369 0.00670912879731145 0.12955831605791918
370 0.006704063499773405 0.1296671613695997
371 0.006700809318229315 0.12973228979191578
372 0.006697944477585596 0.12946748797183233
373 0.006694961049268333 0.12935421923872928
374 0.006691980560487625 0.12905561169643753
375 0.006686065106735397 0.12858223986947143
376 0.006683164293138231 0.12815451735146913
377 0.006681268954461763 0.12822278649605418
378 0.006677642338353022 0.12831314269133182
379 0.00667321467697893 0.12854863849757872
380 0.006668436723354663 0.12865034615061105
381 0.006666340932906833 0.128641886641673
382 0.00666478932046555 0.12864643582947016
383 0.006655505174851829 0.12846057482335993
384 0.0066505657686023265 0.12841343286216753
385 0.006646518750285345 0.12844450118323458
386 0.006642451144161926 0.12846231286571455
387 0.006640779910118321 0.12855700262027478
388 0.006638771655575631 0.1286198889399109
389 0.006636604614671471 0.12837651210946244
390 0.006635217583318224 0.12830965569123048
391 0.0066307012156821025 0.12787772600181713
392 0.006626895803143154 0.1280215162253426
393 0.0066235530164430465 0.1281799268384844
394 0.006620645509725245 0.12818488205975356
395 0.006618881459227723 0.12820715325331852
396 0.006615795188964538 0.12798589804964133
397 0.0066115195243523295 0.12773481205463963
398 0.006608265091615109 0.1274850941665592
399 0.006603695161025662 0.12702697479435093
400 0.0065988251339549 0.1265645601638473
401 0.006592093625988956 0.1260231665663067
402 0.006584056312469119 0.12573431875219823
403 0.006576861103001133 0.12555447418162916
404 0.006574011296244847 0.1256184431934828
405 0.006572143617625999 0.12558482311878572
406 0.006570961053564745 0.12557098315166
407 0.006569324253370186 0.1255909474589692
408 0.006564434916575901 0.12574844838348834
409 0.006562548759462667 0.1257948588796503
410 0.006559754824670966 0.12593392814093743
411 0.006554990348344842 0.12563500431698668
412 0.006552169028680069 0.12568614411204138
413 0.0065501928737803135 0.12571179533151822
414 0.006547829114444201 0.12554892599236017
415 0.006545918000138981 0.12559070254478302
416 0.00654301558835298 0.12543245789138188
417 0.0065404665341992204 0.12538706570537972
418 0.006538837556023785 0.12518513972179882
419 0.006536997299523525 0.12503503399901586
420 0.006534985685988015 0.1249741411912748
421 0.006531028321390978 0.12470081763054737
422 0.006524201641904215 0.12411641707564709
423 0.00651945120349153 0.12352995962352326
424 0.006517277560198744 0.123364236176336
425 0.0065146624876598405 0.12299068378554184
426 0.006506333580535757 0.12261955797368196
427 0.006503315715249959 0.12254382081716338
428 0.006500210189221029 0.12260217336053429
429 0.006496176723937029 0.12237751717196294
430 0.006494230677508962 0.12237933816911892
431 0.006491439674750188 0.12225097763171534
432 0.006488714067533754 0.12217699477668048
433 0.006486588883643012 0.12224444488451046
434 0.006483286771685835 0.12203424531892484
435 0.0064781451863793575 0.12132199841205825
436 0.006471178293896121 0.12131922658696093
437 0.006469073602661483 0.12141775066118153
438 0.006467483372327507 0.1215000102420826
439 0.006465484109129129 0.12101195362204735
440 0.0064640019680365195 0.12079761895741285
441 0.00646226032763145 0.12054410082067568
442 0.006460410544717609 0.12031601070408374
443 0.006459317626817076 0.12002298010500677
444 0.006457349684592392 0.11953901812731002
445 0.006452323020346828 0.11872534412759315
446 0.006450216475000344 0.11852280687536222
447 0.0064478013628658576 0.11851323828815279
448 0.006445047513176887 0.11844637657489071
449 0.006442183808531147 0.11858400519081097
450 0.006440257102639705 0.11844604007949866
451 0.006437119333856807 0.11831250190115795
452 0.00642739995742184 0.1181031836662739
453 0.006420503214014482 0.11729978327028985
454 0.006414592568279653 0.1168075122205124
455 0.006410767263855512 0.11628840282989296
456 0.0064075388894022055 0.11574877626403728
457 0.006404405922716371 0.11494091550150293
458 0.006401615257600395 0.11427645731788295
459 0.006398249485353101 0.1135368148247569
460 0.006394326745458486 0.1125425097093529
461 0.006391217715116917 0.11151414675521737
462 0.006384851073927344 0.11074579235579093
463 0.006378745469160932 0.11121308177089591
464 0.006374667497531268 0.11063289939523836
465 0.006371476783181834 0.11036919906681704
466 0.006367277195850927 0.11067331010722474
467 0.00636423436971346 0.11017642403208168
468 0.006359984110787817 0.11057188502120428
469 0.006355051887486225 0.11102151109796728
470 0.006351374093758608 0.1103474169646903
471 0.006349010646139305 0.11038162935373874
472 0.006346216990769468 0.11021845692063172
473 0.00634310695255464 0.10985046827016086
474 0.006339270224885417 0.10936572332824918
475 0.006336708371473203 0.10936555508877141
476 0.006332867305276395 0.10879302887402208
477 0.006326329243549278 0.10865659634775776
478 0.006320177185655679 0.10799207109767522
479 0.006316045762969844 0.10697411568386907
480 0.006311375157044187 0.10633581176598418
481 0.0063058520772409634 0.10561928347721415
482 0.006296561444714192 0.10369284553540399
483 0.006289036552475253 0.10280063668382078
484 0.006278169081148431 0.10142986572210812
485 0.006270247847696286 0.09988213005774328
486 0.006256676039680793 0.09840952084712934
487 0.006247566656594093 0.0966768322305307
488 0.006240661541076892 0.09579761329600825
489 0.006230833487566597 0.09460290726302358
490 0.006221163358414586 0.09308878565300899
491 0.006213911730016368 0.0925112039177663
492 0.0062058458584500625 0.09206044530605954
493 0.006197607546889525 0.0922376899884145
494 0.006187254119291356 0.09186830688670336
495 0.006177586535474038 0.0905818460274446
496 0.0061721150848457855 0.09163935719566267
497 0.0061615648898732805 0.09185997044716615
498 0.0061499093294192795 0.0928296665713159
499 0.006145773050226277 0.09211019595164226
500 0.006135568078651835 0.09200459170724076
501 0.006127715913072716 0.0909030791197005
502 0.006121959392633509 0.09035323786820301
503 0.006106729454169382 0.08920546352607527
504 0.006096056494856039 0.08898767338424676
505 0.0060859382433403435 0.08806521910614609
506 0.006079696286926111 0.08720405797171087
507 0.006071954314081423 0.08678539630051525
508 0.006062860664180824 0.08562084210974191
509 0.006054952569959275 0.08475123311469047
510 0.006046263201948316 0.0840169753919549
511 0.006040032664091937 0.08328009013944812
512 0.006027100615071557 0.08343006740528602
513 0.006003849566009196 0.0822068274189779
514 0.005979166692595697 0.08028905140392457
515 0.005966116550559604 0.08046093219806899
516 0.005951780653533574 0.0807302515327194
517 0.005935579994808937 0.07955087196665903
518 0.005923907932342848 0.07854211123667411
519 0.005908385789270349 0.07803031497533346
520 0.005894013052817392 0.07695520414518726
521 0.005877202888157169 0.07591898210143892
522 0.0058636305114190095 0.0753919191146611
523 0.00584921664287755 0.07504165793288955
524 0.005829215394405531 0.07659876270562803
525 0.00581640945103799 0.07579247547487748
526 0.005808300860379298 0.075520428214195
527 0.005802685324230575 0.07535124589875372
528 0.0057945459909732825 0.07534684435765529
529 0.005787841916017009 0.0746279599039323
530 0.005780990403070956 0.07441160308669846
531 0.005765471462947587 0.07376981288355353
532 0.005754861791672265 0.07441643832422101
533 0.0057420349697011866 0.0740246792787317
534 0.005728072736779207 0.07322231073581127
535 0.005719741426791671 0.07196775732676136
536 0.005712558048134802 0.07178365278593672
537 0.005695730630580369 0.07029151031211993
538 0.005683712948483086 0.06929820556499926
539 0.0056786376288331785 0.06904466041458893
540 0.005668141728224463 0.06929893338503906
541 0.00565887566932879 0.06859581064811315
542 0.005648311910233665 0.06814528215409692
543 0.005636845091754287 0.0680015362229663
544 0.005631325148245605 0.06749982953290365
545 0.00562483367288163 0.06756547121865798
546 0.005618037744542205 0.06683446566114931
547 0.005608330941433614 0.06580528593265299
548 0.0055994723250640845 0.06466828337448306
549 0.005588355151967061 0.06374105515014135
550 0.005576834758813977 0.062328070253982064
551 0.005561930192853371 0.06154386416876793
552 0.005540672559696734 0.0614680054763535
553 0.005526823160894102 0.05959052549989585
554 0.005521801017965722 0.05885981536726207
555 0.0055118028509326756 0.05815226531305453
556 0.005494825929655635 0.05723962473363838
557 0.005469373085260981 0.05670557169400359
558 0.005452695436726976 0.0565837796997761
559 0.0054432480252350895 0.0568225792885487
560 0.005430034178834254 0.05657981915239693
561 0.005410076867738054 0.057324004209358626
562 0.00539508917908849 0.05749374483206553
563 0.005382477829015484 0.05799349389132398
564 0.005367000430383599 0.058143874733459416
565 0.005359223500891707 0.05756526426497574
566 0.005351761927000551 0.0579421202435487
567 0.005341968413941022 0.05752409606542823
568 0.005335626634452682 0.05726708298336892
569 0.005327703761860875 0.056362188963606535
570 0.005315242377868169 0.05543662227065988
571 0.005299920328006083 0.05491956892731528
572 0.005284119219899284 0.054442590342135055
573 0.00527537299342932 0.053300947767802205
574 0.0052660034092209445 0.05320554215166276
575 0.005249800203416313 0.05354309770061813
576 0.005244892821373089 0.05301445112582426
577 0.005229294199718537 0.05326509967491273
578 0.005216502082640538 0.05240039668572356
579 0.005200800145038261 0.05137030715812066
580 0.005192019699231686 0.05090371204311461
581 0.0051815390987165035 0.0501429800343025
582 0.005172574803757935 0.049250667682940265
583 0.005161871672279115 0.049211032651635865
584 0.005149396635160325 0.048952912624880815
585 0.0051367434299086 0.04784955533391419
586 0.0051229804578096765 0.047317396986200154
587 0.0051043341765539445 0.04625670293376358
588 0.005090462625906529 0.04590331241809145
589 0.005073651729102971 0.046156317004126264
590 0.005061924986738737 0.046265449844543435
591 0.00504962411159207 0.04578673185025878
592 0.005038746655117115 0.04576766811400919
593 0.005026298812688888 0.04545707999578245
594 0.005005409685762042 0.04483963872855931
595 0.004979800506200763 0.04432743542832932
596 0.004928553000807888 0.043741813943409
597 0.004906585068584409 0.04371582317422157
598 0.00487185659040467 0.043047187318484316
599 0.004850249913505911 0.04266329841369317
600 0.004834953140224376 0.04190280292098213
601 0.004805934030975854 0.04135069132515334
602 0.004794066992151449 0.041284456306475405
603 0.004776957115973496 0.041487877378196966
604 0.004765938493576031 0.04118214978900129
605 0.004752326663416723 0.040537327018887105
606 0.004740234002112287 0.040211659412695645
607 0.004732678027823429 0.03997990219241999
608 0.004724599800718903 0.03997176128105929
609 0.004712290706609571 0.03980155576697551
610 0.004701179820872925 0.039809369254232854
611 0.004682275780326829 0.039126907255315625
612 0.004671855067901968 0.03916008700624267
613 0.004664653946084139 0.03926718107418201
614 0.00464964932555682 0.03902569759717807
615 0.004642142015812253 0.03826173297469017
616 0.004635614908563348 0.03761501049471077
617 0.004620412061338471 0.03663593108325804
618 0.004607799308992106 0.03602727646249364
619 0.004595607018165904 0.035945637525268095
620 0.004580532365319499 0.03616156127232085
621 0.0045617071797170025 0.035889469839163135
622 0.004544347934623631 0.03497206622183366
623 0.00453871706144749 0.03456769257214206
624 0.004533547517236513 0.03456206381877819
625 0.004528485971719881 0.034415632568014075
626 0.004520541908440281 0.03409293227324247
627 0.004512712067724681 0.033695305869886
628 0.004506331092078685 0.03384288992055864
629 0.004497570701827215 0.033477064950667705
630 0.004489250678252248 0.03333102731866022
631 0.004484084094108637 0.03322405497388694
632 0.00447844049820069 0.033254185611724794
633 0.0044743521774024625 0.033367162277802995
634 0.004467799071949033 0.032946317753037184
635 0.004453718776048014 0.03282061636201263
636 0.00443899448367435 0.03248501587719982
637 0.004429128956066444 0.032526389791667866
638 0.0044222668941764146 0.032635548570142024
639 0.00441561780820222 0.03260058224668757
640 0.00440248337310732 0.032579762211972514
641 0.004391682879773747 0.032494434710571035
642 0.00438152092856969 0.032362725579200856
643 0.004374369714110487 0.03246917709176605
644 0.004366106400524102 0.03269445593088199
645 0.004354394359497486 0.03199606511682711
646 0.004344122956411593 0.03181492322122743
647 0.004326401613299237 0.031789700080185564
648 0.00431747168572629 0.03187796786143561
649 0.0043098059840785624 0.03169219970806013
650 0.0043015088674909245 0.031538474403899924
651 0.004290722473545978 0.031163566881413352
652 0.004284176849453081 0.031241825140436174
653 0.004277989652114448 0.030930401333539977
654 0.004272943386687434 0.030660979250777896
655 0.004266729546562347 0.030318359482696258
656 0.0042583361759515005 0.030010942825129564
657 0.004235642925672788 0.029943013566431195
658 0.004221251017053553 0.029944889280215128
659 0.004214475677137047 0.029666370065156242
660 0.00420635209051562 0.02961765125793786
661 0.004199453163641724 0.02944241850093625
662 0.004184621621509762 0.029639606303800872
663 0.004164388777745326 0.02908950413015765
664 0.004147716843080722 0.028611711436536787
665 0.004132101581795823 0.028268566028073306
666 0.004121660862727384 0.028291648327406972
667 0.004113898608173646 0.02773021814573905
668 0.004106242968988803 0.027559817139073996
669 0.004096243342901074 0.027537519325467434
670 0.004085230018293414 0.027173955905045837
671 0.004081117043055217 0.02713828101678056
672 0.004073841368928685 0.027095891603313164
673 0.004064129893880378 0.02692111221797542
674 0.004057032627059263 0.026834389117537286
675 0.004049819697034242 0.026663815942147024
676 0.004044388265659354 0.026426274300731162
677 0.004038081667196031 0.026257862424671374
678 0.004026151939356428 0.025629234258317923
679 0.0040110101262281215 0.025205357021230213
680 0.004003069491214789 0.025034797764554015
681 0.003993782900243454 0.025266876100857007
682 0.0039826686579461645 0.025071002477180488
683 0.003976791992114145 0.02478819853682764
684 0.003969945164985349 0.024988841678936637
685 0.00396285664085312 0.02505405612990706
686 0.003954039223456513 0.02512219460711426
687 0.003946944076984534 0.024741342575129808
688 0.003938204385824008 0.024300480846004686
689 0.003926355968011538 0.023927790759108804
690 0.003917668030749675 0.02392349803177201
691 0.0038973268152516123 0.02392818090354007
692 0.0038801586932898924 0.023683408719736013
693 0.0038705431503650695 0.023383885618685974
694 0.0038605988680206825 0.023298364902466808
695 0.0038537431304962585 0.02322907493608709
696 0.0038346890113482297 0.022696836867166344
697 0.003819390028637085 0.02240421979733561
698 0.003795582293866191 0.0223197868936094
699 0.0037769723639696066 0.022370168026065167
700 0.0037654700357887027 0.022502717159507746
701 0.003755132299365583 0.022501858507976244
702 0.003744240298653717 0.022479929655561455
703 0.0037357469901146863 0.022433108969066546
704 0.0037289267892847257 0.022217391555188107
705 0.0037184946324148455 0.021974984297808673
706 0.003704279235948865 0.0222817231752675
707 0.0036978188237400986 0.02227081480427962
708 0.0036916335904066087 0.022252924231837525
709 0.003674573610687429 0.022255129849887634
710 0.0036624091463403697 0.02236416656503734
711 0.0036509365866261643 0.022179007038462796
712 0.003642182017349599 0.021961069661322444
713 0.0036305950758508112 0.021805515794854725
714 0.003613328960092596 0.021469657776011345
715 0.003600101602262095 0.021300185154546247
716 0.003592149676414616 0.021056445606302984
717 0.0035811655939282584 0.020936722360067262
718 0.003557402701069513 0.020890437864853117
719 0.003541701977183898 0.021074682521324918
720 0.0035269351302980715 0.021084397963638528
721 0.0035152592112240076 0.021112043067323567
722 0.003501353579986216 0.02104183034054361
723 0.003494856848366202 0.0208510163908225
724 0.0034873214389881456 0.020791823411305626
725 0.00347822214534866 0.020793391973931593
726 0.00346441720749519 0.020573397679144186
727 0.0034554757991778627 0.020602695303449957
728 0.003439302221222806 0.02052821699985106
729 0.0034272285481716314 0.020436951607611123
730 0.0034145597423761867 0.020460404841485657
731 0.0034046725596936344 0.020373485246609875
732 0.0033936297751269054 0.02044307722611977
733 0.0033733597605365324 0.020599400157404087
734 0.0033567173423925786 0.020587627537869326
735 0.0033383897710629272 0.0207109606688488
736 0.0033237522566287704 0.020451747992840236
737 0.0033187189910203726 0.02045039649638863
738 0.0033052899375588017 0.02051039409927273
739 0.003289909752264544 0.020269677656756847
740 0.003273262406974111 0.020369226258412875
741 0.003257347140758403 0.020124268112760014
742 0.0032442834404955287 0.019952665722595218
743 0.003222400554668687 0.019907895640357557
744 0.0032017287689340723 0.0196249234043514
745 0.0031915676232830833 0.019609408101533617
746 0.0031795969024316 0.019490273703150752
747 0.0031651897630882294 0.019397034163026777
748 0.003142444860851067 0.019606000771590783
749 0.0031304244252975703 0.019651742894368104
750 0.003121701917025623 0.01973199606847252
751 0.003110228457793151 0.01977158782108127
752 0.0031013547291328194 0.019740501093565645
753 0.0030884814386220737 0.019668933648015315
754 0.0030750716368953927 0.019604405354091633
755 0.0030679721700353304 0.019449674496193878
756 0.003059406861395349 0.01939797238488326
757 0.003050435824739954 0.01941591386134455
758 0.003041013632023533 0.019361294039491616
759 0.003030740717312899 0.019391631940966353
760 0.0030175062924540003 0.019415229926191154
761 0.003010000550903867 0.019336855231862626
762 0.0029953586396523663 0.01915114412272933
763 0.0029844879674364587 0.019042480037386594
764 0.002972470572824024 0.01914913778473181
765 0.0029612909778261964 0.019039304520287688
766 0.002949406247558022 0.019011006448598353
767 0.00294022997184819 0.01902895065342525
768 0.0029308542411297326 0.01909487747226543
769 0.002922952722468821 0.019057244432374824
770 0.0029141094524903484 0.01912129031288393
771 0.00290012751644455 0.019110765177365655
772 0.002889754829443495 0.0191166836230783
773 0.0028793143472122967 0.01908058236106692
774 0.002866754035613754 0.01895262688715832
775 0.0028600751030227467 0.018951901133380165
776 0.0028510160920042333 0.01894017751483149
777 0.0028395733585281466 0.018772322520069253
778 0.0028325710276049195 0.01868832051337748
779 0.002826279482071242 0.018688077595974784
780 0.002816341937369562 0.018677810618208016
781 0.002807712433331987 0.01863127793869591
782 0.002801444583720237 0.018634859265719367
783 0.0027967170933069396 0.018611566889842404
784 0.0027908246771271394 0.018578164417203245
785 0.0027846411243077234 0.018624263453513958
786 0.002778522066041395 0.018567138158280632
787 0.0027707952244039116 0.018602578578932914
788 0.0027623947553385903 0.018482644899353366
789 0.0027579584549537292 0.01837181963065224
790 0.00274716035336862 0.01823172675475785
791 0.00273735667406621 0.01812560068741528
792 0.0027263178256472127 0.018130990978982
793 0.002714435019545048 0.017854282121992943
794 0.0027071890986542367 0.01786205671376407
795 0.0027013850204957376 0.01779616970777604
796 0.0026961640141030764 0.017771905784062077
797 0.002691537303211005 0.01773555182738442
798 0.0026843004831562907 0.017704095259875294
799 0.002677323260678305 0.017693658012944674
800 0.0026688204669023208 0.01763574749986305
801 0.0026615012466443396 0.017620189290180076
802 0.0026513127019041883 0.017601551080934127
803 0.0026412438248385787 0.01751643086603383
804 0.002625607158723406 0.017524112109225703
805 0.0026150680709493284 0.0175184140872615
806 0.0026018471606640016 0.017480405208241553
807 0.002595141878686933 0.017482963939158436
808 0.002591898918480283 0.01747041747852354
809 0.002584740712518648 0.01739660304112086
810 0.0025781856922014526 0.017352899360230208
811 0.0025678506064946618 0.017255068924838846
812 0.002557775955319443 0.01716946092502562
813 0.002548586286794268 0.017127119426876468
814 0.0025395338794454323 0.017103075789573104
815 0.0025334083744204764 0.017081092045850187
816 0.00252650006502161 0.01711327002964092
817 0.002515666567515317 0.017024002435521778
818 0.0025081447589634376 0.01703952043734328
819 0.0025028980630243 0.017034366974539836
820 0.0024921868530397894 0.016945581506284925
821 0.0024817109545938257 0.016915499289714944
822 0.002472013642492217 0.016888545622243768
823 0.002464680480478245 0.016828812704412516
824 0.0024602975201663945 0.016811392204775236
825 0.0024520013104215245 0.016773290947382117
826 0.002446737529291296 0.01673636613602116
827 0.002436282074843608 0.01662039912226961
828 0.0024279337666064625 0.016503246151315938
829 0.0024159433860361287 0.01647756394656258
830 0.00240389703672139 0.016497612028086958
831 0.0023885167311516395 0.016509802104540984
832 0.0023785110681106203 0.016547081856069866
833 0.0023716829575491016 0.01646939913885372
834 0.00236306604160889 0.016501515881166155
835 0.002349557626369184 0.016427337087466014
836 0.0023438834297153334 0.016435825660872115
837 0.002336856150213979 0.016359104613434688
838 0.002327723517580774 0.016327357661761844
839 0.0023174722430597413 0.01626485864331129
840 0.002307925323001153 0.01623719200323123
841 0.002301544989458734 0.016198890674255517
842 0.002295048378421829 0.01618673942935001
843 0.0022876498386335733 0.01616176694550005
844 0.0022779326746797065 0.016168080196484403
845 0.0022721409143662023 0.016179543700227554
846 0.0022646060104104344 0.01616296477408879
847 0.002256828317226172 0.01612389540548334
848 0.00224624931374479 0.016112080340948094
849 0.0022386507909314527 0.01611100979474743
850 0.002228699840936435 0.016128815409641055
851 0.0022225134999256622 0.01612481038513365
852 0.0022170762848824246 0.01608774645231364
853 0.002211093735696817 0.01608043867032198
854 0.0022038381896204167 0.01608668504454527
855 0.00219040750981755 0.0160559140499729
856 0.0021784174649770883 0.015992894405519844
857 0.0021682515552222214 0.01595959020313473
858 0.002160064589404862 0.01594988195870771
859 0.0021529623783079106 0.01592562864204929
860 0.0021415130736853415 0.015830027261724576
861 0.002127701552232939 0.015786353521832847
862 0.002120771740393858 0.015755205761610984
863 0.0021135313781362633 0.01572420132605851
864 0.0021034317194211162 0.015655818908736383
865 0.0020932103650911447 0.015681823210519627
866 0.0020827053643197703 0.015740983883214897
867 0.002073963298077821 0.015744415528985208
868 0.0020656667889795187 0.01573418453872811
869 0.002058970117514784 0.015769143074071595
870 0.0020531118843114173 0.015811704110554894
871 0.0020451005617366375 0.015761204430598624
872 0.002039972416057077 0.015698220997797656
873 0.002025479857447806 0.01567182087662107
874 0.002018611268243849 0.01564246352611734
875 0.002012485832168718 0.015624425883036166
876 0.0020072856738853556 0.015659377180585573
877 0.00200038452082847 0.015658713284931947
878 0.001990739536400704 0.015696334149836656
879 0.0019870292576813467 0.015638594395767202
880 0.0019828445565688584 0.015605169959626975
881 0.0019762553714628454 0.015585156147956173
882 0.0019610529111888054 0.015502996178764128
883 0.0019512985290938952 0.015455976887706488
884 0.0019417672947654582 0.015381588659163987
885 0.0019341189148226244 0.015402921349280247
886 0.0019249986895735185 0.015453560953140271
887 0.0019202462727372915 0.015395191041011091
888 0.0019128379380513282 0.015286942177727315
889 0.0019056905619643037 0.015239781750833166
890 0.0019020942636465898 0.015221637732594145
891 0.0018989252576162637 0.015214815218346167
892 0.0018957027183517385 0.015193493601822247
893 0.001889324058433828 0.01510909443352914
894 0.0018832325918191678 0.015047186947778892
895 0.0018772740057112981 0.015067422551537226
896 0.001870595794158029 0.015045845518391986
897 0.0018635807073703104 0.015062668774645738
898 0.001858476610313542 0.015036911680285892
899 0.0018525254545542897 0.015098950326771166
900 0.0018459559812831813 0.015168468524845463
901 0.0018384045150180242 0.015172531908409562
902 0.0018295966663230123 0.015130719164956426
903 0.0018186747672720794 0.015261896536036273
904 0.0018113159702187042 0.015269393089773408
905 0.0018080738848565425 0.01521261846039754
906 0.0018033211262491549 0.015232936049614756
907 0.0017944406366848249 0.015336048445352538
908 0.0017845653463522528 0.01542772005914074
909 0.0017759610212450458 0.015334368805570734
910 0.0017706164357163053 0.015341517056808
911 0.0017654452832315548 0.015403738496720755
912 0.0017597542218389633 0.015395609732648195
913 0.001758383013432375 0.015414151139484873
914 0.0017540356719472972 0.015400024572724508
915 0.0017468147592589111 0.015468623312463119
916 0.001736460067521366 0.015447649751979218
917 0.001729510796741397 0.015403125514385935
918 0.0017247178652026202 0.015411697411552735
919 0.0017185402437363757 0.01541993244227079
920 0.0017139630049955458 0.015403269077419544
921 0.0017097541546050087 0.015419318255754412
922 0.0017055386285069806 0.015461214515715893
923 0.0017023991055830476 0.015486966355210857
924 0.001695841488528016 0.015535725179776118
925 0.0016918734736024546 0.015559269991225302
926 0.0016851069735000714 0.015510448774523202
927 0.001675827805463691 0.015497601309274701
928 0.001668133013211701 0.015556723448786084
929 0.001659772353080709 0.015401081844216305
930 0.0016528747874163363 0.015382321666984706
931 0.0016482983159802666 0.015418678180715989
932 0.001643501243394416 0.015402266247019868
933 0.0016402403598843453 0.015363972740374486
934 0.0016373012240655281 0.015343237873529427
935 0.001633734689206439 0.01533319490680965
936 0.0016296897310241368 0.01537324013118999
937 0.001625104479685122 0.015332057257161833
938 0.0016211432051081583 0.015323275612397751
939 0.0016179244050237476 0.015329201424578862
940 0.0016148719304887173 0.015329698615014618
941 0.0016099893404988898 0.015369938392546648
942 0.0016059965554727925 0.015345428789136327
943 0.001599760859609214 0.01539302441466536
944 0.0015946701146154723 0.015426970621718852
945 0.0015899409236066599 0.015490959159004298
946 0.0015849102110296663 0.01546650597482316
947 0.0015811481223489475 0.015433495066264008
948 0.0015783628911856514 0.015438590115892593
949 0.0015739020437877198 0.015308452352193172
950 0.0015667733650695623 0.015286766167398009
951 0.0015626223433523633 0.015245815849819383
952 0.0015607113066107008 0.015227152318142704
953 0.0015578363689082964 0.015249543196823572
954 0.0015504883290510824 0.015215873009450962
955 0.001544584299588542 0.015109485488946172
956 0.0015384506187737976 0.01510333153560383
957 0.0015334995562871702 0.015056154795048758
958 0.0015252789421154127 0.015032830101372494
959 0.0015217230617103883 0.015011448588310078
960 0.0015169886039126618 0.014989857961597325
961 0.001513462214604726 0.015010500406761216
962 0.0015099706230942284 0.01503232191042223
963 0.001507474753745344 0.015010811352267854
964 0.0015044628375344609 0.015018864777769293
965 0.0014992769871570659 0.015013660508298114
966 0.0014943349252650828 0.015041693801593235
967 0.0014904251447287141 0.015087304284276236
968 0.001485832129963187 0.015019778228883687
969 0.00148447847570866 0.015013129922160333
970 0.0014829892626369078 0.014998634656857166
971 0.0014811957173833303 0.01494384681951816
972 0.0014775092178159793 0.014946243117624563
973 0.0014691641059448482 0.014916367007938617
974 0.0014660285209631505 0.014941571762313607
975 0.001458148573239113 0.014848662381490272
976 0.001452996612419487 0.01479647940151559
977 0.0014480976920964311 0.014808819160643609
978 0.001445206099619857 0.01482898656521962
979 0.001440884320404314 0.014846105951765824
980 0.0014341380155070739 0.01488468327098583
981 0.0014265922816367308 0.014849060545050767
982 0.0014188835211324407 0.014841529295130875
983 0.0014147663167019381 0.014814666432334821
984 0.0014112871155542933 0.014823464539902234
985 0.0014077161357404977 0.014837938557317574
986 0.0014038234501023773 0.014803310168404863
987 0.0014014850560627524 0.014799520516099939
988 0.0013985291530844693 0.01483080678089431
989 0.0013953045764431321 0.014827490402417744
990 0.0013937715422076553 0.014804174942602168
991 0.0013914702146843104 0.014806442375414675
992 0.0013890914739340774 0.014787452770650618
993 0.0013841868924401105 0.014742659369817083
994 0.0013800501082669155 0.014759092273661525
995 0.001372218275047584 0.014705303341298052
996 0.0013678103927684962 0.014661012415830255
997 0.0013598264425868577 0.01476435753229716
998 0.0013545021298796767 0.014778217583547274
999 0.0013480424877321407 0.014793237345894286
