idx x y z
0 -0.6437104344367981 0.7652684450149536 0.00047770142555236816
1 -0.6495387554168701 0.7596868872642517 0.031278252601623535
2 -0.654883086681366 0.7531890273094177 0.061931461095809937
3 -0.6597442030906677 0.7457885146141052 0.09240454435348511
4 -0.6641157865524292 0.7374982833862305 0.12266230583190918
5 -0.6680001020431519 0.7283316254615784 0.15267419815063477
6 -0.671394944190979 0.7183020114898682 0.18240293860435486
7 -0.6743015050888062 0.7074286937713623 0.21181577444076538
8 -0.6767187714576721 0.6957215070724487 0.2408849596977234
9 -0.6786512136459351 0.6832007765769958 0.26957619190216064
10 -0.6801021695137024 0.6698874831199646 0.2978585362434387
11 -0.6810703277587891 0.655791163444519 0.32570111751556396
12 -0.6815668344497681 0.6409420371055603 0.35307711362838745
13 -0.6815946102142334 0.6253535747528076 0.37995997071266174
14 -0.6811557412147522 0.6090443134307861 0.40631526708602905
15 -0.6802617907524109 0.5920414924621582 0.43212220072746277
16 -0.6789208054542542 0.5743629932403564 0.45735660195350647
17 -0.6771373748779297 0.5560317039489746 0.48198920488357544
18 -0.6749257445335388 0.5370737314224243 0.505999743938446
19 -0.6722855567932129 0.5175042152404785 0.5293573141098022
20 -0.6692366600036621 0.49735456705093384 0.5520498752593994
21 -0.6657865643501282 0.4766446053981781 0.5740541219711304
22 -0.661945104598999 0.4554014503955841 0.5953474044799805
23 -0.6577242612838745 0.43364855647087097 0.6159111261367798
24 -0.6531388759613037 0.4114125370979309 0.6357306838035583
25 -0.6481992602348328 0.38871610164642334 0.6547857522964478
26 -0.6429157853126526 0.3655834496021271 0.6730595231056213
27 -0.6373071074485779 0.34204408526420593 0.6905426979064941
28 -0.6313850283622742 0.3181227445602417 0.7072160840034485
29 -0.6251618266105652 0.2938443124294281 0.7230687141418457
30 -0.6186550259590149 0.26923584938049316 0.7380905747413635
31 -0.611878514289856 0.24432435631752014 0.7522695660591125
32 -0.6048471927642822 0.2191356122493744 0.7655979990959167
33 -0.5975754261016846 0.19369369745254517 0.7780666351318359
34 -0.5900814533233643 0.16802756488323212 0.7896677851676941
35 -0.5823767185211182 0.1421622782945633 0.8003932237625122
36 -0.5744819045066833 0.11612293124198914 0.8102426528930664
37 -0.5664060115814209 0.08993640542030334 0.8192031383514404
38 -0.5581740736961365 0.06363113224506378 0.8272817134857178
39 -0.5497975945472717 0.03722810745239258 0.8344728350639343
40 -0.5412886738777161 0.01075691543519497 0.8407683372497559
41 -0.5326701998710632 -0.01575900986790657 0.8461769223213196
42 -0.5239565968513489 -0.04229532554745674 0.8506958484649658
43 -0.5151607394218445 -0.06882292777299881 0.8543237447738647
44 -0.506304919719696 -0.09532307088375092 0.8570715188980103
45 -0.4974004328250885 -0.12176647782325745 0.8589368462562561
46 -0.48846435546875 -0.1481308490037918 0.8599233031272888
47 -0.4795103669166565 -0.174392431974411 0.8600357174873352
48 -0.47055667638778687 -0.20052635669708252 0.8592818975448608
49 -0.4616199731826782 -0.2265123575925827 0.8576732873916626
50 -0.4527137577533722 -0.25232428312301636 0.8552130460739136
51 -0.44385388493537903 -0.277942419052124 0.8519083857536316
52 -0.4350529611110687 -0.30334243178367615 0.8477700352668762
53 -0.42632853984832764 -0.3285030722618103 0.8428086638450623
54 -0.41769635677337646 -0.35340628027915955 0.8370421528816223
55 -0.4091673195362091 -0.3780282139778137 0.8304721713066101
56 -0.4007560610771179 -0.40234845876693726 0.8231132626533508
57 -0.39247769117355347 -0.4263472855091095 0.8149824142456055
58 -0.3843436539173126 -0.4500063359737396 0.8060894012451172
59 -0.3763677775859833 -0.4733041524887085 0.7964476943016052
60 -0.3685651123523712 -0.49622711539268494 0.7860826253890991
61 -0.36094269156455994 -0.5187502503395081 0.774994969367981
62 -0.3535187542438507 -0.5408637523651123 0.7632136344909668
63 -0.3463006317615509 -0.562545120716095 0.7507478594779968
64 -0.3393009901046753 -0.5837799310684204 0.7376177906990051
65 -0.3325306177139282 -0.6045506000518799 0.7238404154777527
66 -0.3259992003440857 -0.6248431205749512 0.7094331979751587
67 -0.3197169899940491 -0.644641637802124 0.6944167613983154
68 -0.3136969208717346 -0.6639373898506165 0.6788129210472107
69 -0.3079420328140259 -0.682704746723175 0.6626326441764832
70 -0.30246785283088684 -0.7009429931640625 0.6459078192710876
71 -0.29727834463119507 -0.7186331152915955 0.6286472678184509
72 -0.2923811674118042 -0.7357591390609741 0.6108773350715637
73 -0.28778696060180664 -0.7523179650306702 0.5926209092140198
74 -0.28349894285202026 -0.7682938575744629 0.5738949775695801
75 -0.27952635288238525 -0.7836771607398987 0.5547242164611816
76 -0.27587562799453735 -0.7984568476676941 0.5351309776306152
77 -0.27255159616470337 -0.812625527381897 0.5151354074478149
78 -0.2695584297180176 -0.8261703848838806 0.4947587251663208
79 -0.26690173149108887 -0.8390871286392212 0.474026083946228
80 -0.2645857036113739 -0.8513658046722412 0.45295923948287964
81 -0.26261454820632935 -0.8630031943321228 0.43158265948295593
82 -0.26099082827568054 -0.8739873170852661 0.40991660952568054
83 -0.25971847772598267 -0.8843164443969727 0.3879871666431427
84 -0.258797824382782 -0.8939825296401978 0.3658139705657959
85 -0.2582333981990814 -0.902980625629425 0.3434235453605652
86 -0.25802499055862427 -0.9113097786903381 0.3208370804786682
87 -0.25817522406578064 -0.9189662337303162 0.2980799078941345
88 -0.25868239998817444 -0.9259421825408936 0.2751734256744385
89 -0.2595473825931549 -0.9322367906570435 0.2521415054798126
90 -0.26077067852020264 -0.9378495216369629 0.22900843620300293
91 -0.2623494863510132 -0.9427767395973206 0.20579540729522705
92 -0.2642843723297119 -0.9470182657241821 0.18252646923065186
93 -0.26657238602638245 -0.950576663017273 0.1592268943786621
94 -0.2692103683948517 -0.9534419178962708 0.13591501116752625
95 -0.27219873666763306 -0.9556280374526978 0.1126171350479126
96 -0.27553290128707886 -0.9571323990821838 0.08935493230819702
97 -0.27920985221862793 -0.9579523205757141 0.06615069508552551
98 -0.28322142362594604 -0.9580884575843811 0.04302501678466797
99 -0.28757014870643616 -0.9575545787811279 0.020003676414489746
100 -0.29224467277526855 -0.9563395380973816 -0.002893388271331787
101 -0.29724451899528503 -0.9544563889503479 -0.025646954774856567
102 -0.30256325006484985 -0.9519118666648865 -0.04823201894760132
103 -0.308193176984787 -0.9487013220787048 -0.07063072919845581
104 -0.3141286373138428 -0.9448373913764954 -0.09282046556472778
105 -0.32036256790161133 -0.9403191208839417 -0.11478185653686523
106 -0.32688677310943604 -0.9351547360420227 -0.13649260997772217
107 -0.333696573972702 -0.9293566346168518 -0.157936692237854
108 -0.3407832980155945 -0.9229295253753662 -0.17909330129623413
109 -0.3481367230415344 -0.9158729910850525 -0.19994351267814636
110 -0.355750173330307 -0.9082050919532776 -0.2204667031764984
111 -0.3636162281036377 -0.8999330997467041 -0.24065056443214417
112 -0.3717191517353058 -0.8910552263259888 -0.26046890020370483
113 -0.38005760312080383 -0.8815919160842896 -0.2799111306667328
114 -0.38861849904060364 -0.8715505599975586 -0.2989599108695984
115 -0.39738941192626953 -0.8609371185302734 -0.31759536266326904
116 -0.40636590123176575 -0.8497693538665771 -0.33580586314201355
117 -0.4155302345752716 -0.8380477428436279 -0.3535722494125366
118 -0.42487576603889465 -0.8257888555526733 -0.37088292837142944
119 -0.4343918561935425 -0.8130061626434326 -0.387721985578537
120 -0.4440634846687317 -0.799705445766449 -0.40407413244247437
121 -0.4538847804069519 -0.7859070897102356 -0.419931024312973
122 -0.46383965015411377 -0.7716162204742432 -0.43527379631996155
123 -0.4739166498184204 -0.7568468451499939 -0.45009514689445496
124 -0.4841068983078003 -0.7416152954101562 -0.46438300609588623
125 -0.4943922162055969 -0.7259302735328674 -0.4781217575073242
126 -0.5047682523727417 -0.709810197353363 -0.49130910634994507
127 -0.5152154564857483 -0.6932629942893982 -0.5039268136024475
128 -0.5257235765457153 -0.6763071417808533 -0.5159699320793152
129 -0.5362828969955444 -0.6589559316635132 -0.5274315476417542
130 -0.5468732118606567 -0.6412203907966614 -0.538299560546875
131 -0.5574896931648254 -0.6231192946434021 -0.5485698580741882
132 -0.5681151151657104 -0.60466468334198 -0.5582334995269775
133 -0.5787391066551208 -0.5858757495880127 -0.567287266254425
134 -0.589344322681427 -0.5667614340782166 -0.5757214426994324
135 -0.5999194979667664 -0.5473414063453674 -0.5835349559783936
136 -0.6104533672332764 -0.5276278257369995 -0.5907222628593445
137 -0.6209341287612915 -0.5076394081115723 -0.5972820520401001
138 -0.6313428282737732 -0.48738861083984375 -0.6032063961029053
139 -0.6416714191436768 -0.46689173579216003 -0.6084956526756287
140 -0.6519062519073486 -0.44616758823394775 -0.6131494045257568
141 -0.6620348691940308 -0.42522919178009033 -0.6171689033508301
142 -0.6720397472381592 -0.40408992767333984 -0.620547354221344
143 -0.681912362575531 -0.38276952505111694 -0.6232870221138
144 -0.6916371583938599 -0.3612819015979767 -0.625390887260437
145 -0.7012057304382324 -0.3396417498588562 -0.6268590688705444
146 -0.71060711145401 -0.3178686797618866 -0.6276983022689819
147 -0.7198195457458496 -0.2959742546081543 -0.6279028058052063
148 -0.7288376688957214 -0.27397462725639343 -0.6274807453155518
149 -0.7376502156257629 -0.25188660621643066 -0.6264381408691406
150 -0.7462456822395325 -0.22972819209098816 -0.6247766017913818
151 -0.754607617855072 -0.20750951766967773 -0.6225016117095947
152 -0.7627291679382324 -0.1852487325668335 -0.619620144367218
153 -0.7705985307693481 -0.16296161711215973 -0.6161395907402039
154 -0.778201162815094 -0.14066234230995178 -0.6120627522468567
155 -0.7855324745178223 -0.1183643639087677 -0.6074010133743286
156 -0.7925733327865601 -0.09608262777328491 -0.6021578907966614
157 -0.7993233799934387 -0.07383346557617188 -0.5963469743728638
158 -0.8057683110237122 -0.05163101851940155 -0.5899760723114014
159 -0.8119008541107178 -0.02948707342147827 -0.583056628704071
160 -0.8177027702331543 -0.007419764995574951 -0.5755915641784668
161 -0.8231768608093262 0.014561325311660767 -0.5676001310348511
162 -0.8283070921897888 0.03644247353076935 -0.5590870380401611
163 -0.8330879807472229 0.05820690840482712 -0.5500690340995789
164 -0.8375108242034912 0.07984376698732376 -0.5405545234680176
165 -0.8415715098381042 0.10134345293045044 -0.5305600166320801
166 -0.8452524542808533 0.12268862873315811 -0.5200902223587036
167 -0.8485571146011353 0.14386993646621704 -0.5091668963432312
168 -0.851477324962616 0.16487589478492737 -0.4978019893169403
169 -0.8540038466453552 0.18569441139698029 -0.4860062897205353
170 -0.856126606464386 0.2063116580247879 -0.47379520535469055
171 -0.8578516244888306 0.2267211675643921 -0.4611877202987671
172 -0.8591629862785339 0.2469092756509781 -0.4481927752494812
173 -0.8600608110427856 0.2668667733669281 -0.43482911586761475
174 -0.8605456948280334 0.28658628463745117 -0.4211147129535675
175 -0.8606006503105164 0.3060535788536072 -0.4070586562156677
176 -0.8602373003959656 0.3252641260623932 -0.39268434047698975
177 -0.8594404458999634 0.34420615434646606 -0.3780038356781006
178 -0.8582149744033813 0.3628734350204468 -0.36303621530532837
179 -0.8565556406974792 0.38125717639923096 -0.3477965295314789
180 -0.8544588685035706 0.3993470072746277 -0.3323027789592743
181 -0.8519283533096313 0.41713958978652954 -0.3165726959705353
182 -0.8489572405815125 0.43462586402893066 -0.3006211817264557
183 -0.845550000667572 0.4518030285835266 -0.2844688892364502
184 -0.841701865196228 0.4686579704284668 -0.2681315243244171
185 -0.8374220728874207 0.48519623279571533 -0.2516275942325592
186 -0.8326981663703918 0.5013999342918396 -0.23497337102890015
187 -0.827542245388031 0.5172720551490784 -0.21818813681602478
188 -0.8219496011734009 0.5328046679496765 -0.20128977298736572
189 -0.815925121307373 0.5479966402053833 -0.1842939853668213
190 -0.8094732165336609 0.5628461837768555 -0.16722074151039124
191 -0.8025922775268555 0.5773438811302185 -0.1500883400440216
192 -0.7952840328216553 0.5914884209632874 -0.1329120695590973
193 -0.7875587940216064 0.6052805185317993 -0.1157107949256897
194 -0.7794142961502075 0.6187154650688171 -0.0985017716884613
195 -0.7708613276481628 0.631794810295105 -0.08130264282226562
196 -0.7618986368179321 0.6445128917694092 -0.06413218379020691
197 -0.7525363564491272 0.6568725109100342 -0.04700571298599243
198 -0.7427765130996704 0.6688729524612427 -0.029940038919448853
199 -0.732626736164093 0.6805114150047302 -0.012953042984008789
200 -0.72209233045578 0.6917905807495117 0.003939419984817505
201 -0.7111778259277344 0.7027065753936768 0.020719259977340698
202 -0.6998968124389648 0.7132671475410461 0.03737252950668335
203 -0.6882492303848267 0.7234688401222229 0.05388030409812927
204 -0.6762493848800659 0.7333172559738159 0.07023030519485474
205 -0.6639009714126587 0.7428110837936401 0.08640366792678833
206 -0.651215672492981 0.7519543170928955 0.102387934923172
207 -0.6381986737251282 0.7607486248016357 0.11816701292991638
208 -0.6248623728752136 0.7692014575004578 0.13372725248336792
209 -0.6112115383148193 0.7773044109344482 0.14905083179473877
210 -0.5972612500190735 0.7850781679153442 0.16412878036499023
211 -0.5830149054527283 0.7925082445144653 0.17894315719604492
212 -0.568489670753479 0.7996135354042053 0.19348305463790894
213 -0.5536938905715942 0.8063958883285522 0.20773693919181824
214 -0.5386348962783813 0.8128546476364136 0.2216900885105133
215 -0.5233258008956909 0.818996787071228 0.23532867431640625
216 -0.5077753067016602 0.8248252868652344 0.2486436367034912
217 -0.4920002818107605 0.8303531408309937 0.26162469387054443
218 -0.47601014375686646 0.8355835676193237 0.2742595374584198
219 -0.4598144292831421 0.8405206799507141 0.2865382134914398
220 -0.44342511892318726 0.8451679944992065 0.29844915866851807
221 -0.4268551468849182 0.8495346903800964 0.30998343229293823
222 -0.41011670231819153 0.8536274433135986 0.3211323022842407
223 -0.3932233452796936 0.8574546575546265 0.3318873643875122
224 -0.3761863708496094 0.8610187768936157 0.3422394394874573
225 -0.35902053117752075 0.8643323183059692 0.3521823287010193
226 -0.3417348861694336 0.8674049377441406 0.36171063780784607
227 -0.3243442475795746 0.8702312111854553 0.3708101511001587
228 -0.3068625330924988 0.8728299140930176 0.3794809877872467
229 -0.2893006205558777 0.8752032518386841 0.3877158463001251
230 -0.2716745138168335 0.877366304397583 0.3955112397670746
231 -0.2539946436882019 0.8793139457702637 0.40285566449165344
232 -0.2362762987613678 0.8810647130012512 0.40975117683410645
233 -0.21853119134902954 0.8826264142990112 0.41619351506233215
234 -0.20077410340309143 0.8840028047561646 0.4221764802932739
235 -0.1830172836780548 0.8852031826972961 0.42769891023635864
236 -0.16527172923088074 0.8862305879592896 0.4327552914619446
237 -0.14755523204803467 0.8871052861213684 0.4373498260974884
238 -0.12987935543060303 0.8878239989280701 0.44147419929504395
239 -0.11225572228431702 0.8884004950523376 0.4451320171356201
240 -0.09469857811927795 0.8888428211212158 0.44832298159599304
241 -0.07722190022468567 0.8891568183898926 0.4510436952114105
242 -0.059837132692337036 0.8893497586250305 0.4532969892024994
243 -0.04255974292755127 0.8894307017326355 0.4550817906856537
244 -0.02539968490600586 0.8894109725952148 0.4564019441604614
245 -0.008369863033294678 0.8892948627471924 0.4572579860687256
246 0.008514583110809326 0.8890895247459412 0.45765161514282227
247 0.02524280548095703 0.8888081908226013 0.45758816599845886
248 0.041801393032073975 0.8884522318840027 0.45706799626350403
249 0.058179810643196106 0.8880305886268616 0.45609551668167114
250 0.07436355948448181 0.8875487446784973 0.45467281341552734
251 0.09034320712089539 0.8870230913162231 0.4528096616268158
252 0.10610523819923401 0.8864457607269287 0.4505036473274231
253 0.121639683842659 0.8858410120010376 0.4477689266204834
254 0.1369323581457138 0.885201096534729 0.4446024000644684
255 0.1519746333360672 0.8845398426055908 0.4410138726234436
256 0.16675353050231934 0.8838638663291931 0.4370109438896179
257 0.18126007914543152 0.8831775784492493 0.43259942531585693
258 0.1954820305109024 0.8824880123138428 0.4277849793434143
259 0.20941081643104553 0.8818038702011108 0.4225783348083496
260 0.2230348140001297 0.8811275362968445 0.41698500514030457
261 0.23634397983551025 0.8804641366004944 0.4110124409198761
262 0.24932844936847687 0.8798192143440247 0.40466979146003723
263 0.26198112964630127 0.8791999220848083 0.39796748757362366
264 0.2742908000946045 0.8786138296127319 0.3909127712249756
265 0.28624653816223145 0.8780546188354492 0.3835144639015198
266 0.2978439927101135 0.8775384426116943 0.37578317523002625
267 0.309072345495224 0.8770670890808105 0.36773020029067993
268 0.3199268579483032 0.8766470551490784 0.35936567187309265
269 0.33039388060569763 0.8762702941894531 0.35069531202316284
270 0.34047096967697144 0.8759554028511047 0.3417360186576843
271 0.35014891624450684 0.8756977915763855 0.33249375224113464
272 0.35942038893699646 0.8754997253417969 0.3229812681674957
273 0.36827903985977173 0.8753662705421448 0.31321078538894653
274 0.37672096490859985 0.8753052353858948 0.30319324135780334
275 0.38473764061927795 0.8753104209899902 0.29293960332870483
276 0.3923211693763733 0.8753828406333923 0.2824603319168091
277 0.399471640586853 0.8755342364311218 0.271769642829895
278 0.4061836898326874 0.8757643699645996 0.2608794867992401
279 0.41244789958000183 0.876065194606781 0.2497996985912323
280 0.41826096177101135 0.8764416575431824 0.23854315280914307
281 0.42362356185913086 0.8769030570983887 0.2271246314048767
282 0.4285281002521515 0.8774410486221313 0.21555274724960327
283 0.4329712390899658 0.8780597448348999 0.2038436233997345
284 0.43694978952407837 0.8787546753883362 0.19200587272644043
285 0.4404633343219757 0.879530131816864 0.18005451560020447
286 0.443509042263031 0.880386471748352 0.16800165176391602
287 0.4460810422897339 0.881317675113678 0.1558593511581421
288 0.4481840133666992 0.8823286294937134 0.14364096522331238
289 0.4498116075992584 0.8834151029586792 0.13135799765586853
290 0.4509637951850891 0.8845744132995605 0.11902353167533875
291 0.4516412019729614 0.8858055472373962 0.10664936900138855
292 0.45184242725372314 0.8871085047721863 0.09424957633018494
293 0.45156681537628174 0.8884767889976501 0.08183443546295166
294 0.45081594586372375 0.8899118900299072 0.06941729784011841
295 0.4495916962623596 0.8914122581481934 0.05701106786727905
296 0.44789236783981323 0.8929749131202698 0.04462707042694092
297 0.4457223117351532 0.894592821598053 0.032276451587677
298 0.4430779814720154 0.8962587714195251 0.019972264766693115
299 0.43996569514274597 0.897980272769928 0.007725924253463745
300 0.43638789653778076 0.8997458219528198 -0.004449576139450073
301 0.43234723806381226 0.9015581011772156 -0.016544431447982788
302 0.4278419613838196 0.9034041166305542 -0.028547585010528564
303 0.42287883162498474 0.9052804112434387 -0.04044583439826965
304 0.41746434569358826 0.9071934223175049 -0.05223020911216736
305 0.41159456968307495 0.9091231226921082 -0.06388849020004272
306 0.40528199076652527 0.9110763669013977 -0.07541191577911377
307 0.39852607250213623 0.9130445718765259 -0.0867876410484314
308 0.39133208990097046 0.9150185585021973 -0.09800603985786438
309 0.38370615243911743 0.916996419429779 -0.1090584397315979
310 0.3756502866744995 0.9189661741256714 -0.11993324756622314
311 0.3671768605709076 0.9209370613098145 -0.13062343001365662
312 0.3582843840122223 0.9228882789611816 -0.1411173939704895
313 0.3489837944507599 0.9248190522193909 -0.15140700340270996
314 0.33927932381629944 0.9267212748527527 -0.16148221492767334
315 0.3291780948638916 0.9285926818847656 -0.17133638262748718
316 0.3186889588832855 0.9304279685020447 -0.18096104264259338
317 0.3078145980834961 0.9322115182876587 -0.1903459131717682
318 0.2965661287307739 0.9339479804039001 -0.19948720932006836
319 0.28494787216186523 0.9356184601783752 -0.20837360620498657
320 0.2729721665382385 0.9372290372848511 -0.21699988842010498
321 0.26064497232437134 0.9387667775154114 -0.22535941004753113
322 0.2479725033044815 0.9402181506156921 -0.23344507813453674
323 0.23496675491333008 0.9415904879570007 -0.2412511110305786
324 0.22163406014442444 0.9428660273551941 -0.2487703263759613
325 0.2079848200082779 0.9440418481826782 -0.2559983432292938
326 0.19402559101581573 0.9451026320457458 -0.2629278004169464
327 0.17976926267147064 0.9460551738739014 -0.26955804228782654
328 0.16522330045700073 0.9468841552734375 -0.27588140964508057
329 0.15039774775505066 0.9475842714309692 -0.28189316391944885
330 0.13530221581459045 0.9481486082077026 -0.2875911593437195
331 0.11994600296020508 0.9485670924186707 -0.2929704189300537
332 0.1043422520160675 0.9488369822502136 -0.29802796244621277
333 0.08849811553955078 0.9489481449127197 -0.30276042222976685
334 0.07242417335510254 0.9488949179649353 -0.30716580152511597
335 0.056133151054382324 0.94866943359375 -0.3112403154373169
336 0.03963404893875122 0.9482671022415161 -0.31498515605926514
337 0.022939354181289673 0.9476845860481262 -0.31839701533317566
338 0.006056725978851318 0.9469013214111328 -0.3214726448059082
339 -0.010998845100402832 0.9459226727485657 -0.3242133855819702
340 -0.028218835592269897 0.9447367787361145 -0.3266168236732483
341 -0.045591145753860474 0.9433396458625793 -0.32868343591690063
342 -0.06310385465621948 0.9417240619659424 -0.3304137587547302
343 -0.08074599504470825 0.9398836493492126 -0.3318077623844147
344 -0.09850722551345825 0.9378118515014648 -0.33286523818969727
345 -0.11637508869171143 0.9355105757713318 -0.33359068632125854
346 -0.13433709740638733 0.9329609274864197 -0.33398115634918213
347 -0.15238341689109802 0.9301627278327942 -0.3340390920639038
348 -0.17050009965896606 0.9271100759506226 -0.3337675929069519
349 -0.18867698311805725 0.9237980842590332 -0.3331676125526428
350 -0.20690292119979858 0.9202213883399963 -0.33224260807037354
351 -0.22516551613807678 0.9163758754730225 -0.3309965431690216
352 -0.2434520423412323 0.9122551679611206 -0.3294299840927124
353 -0.2617526352405548 0.9078544974327087 -0.327548086643219
354 -0.280053049325943 0.9031699895858765 -0.3253535330295563
355 -0.2983437478542328 0.8981982469558716 -0.3228522837162018
356 -0.3166133165359497 0.8929338455200195 -0.32004648447036743
357 -0.33484765887260437 0.8873720169067383 -0.31694096326828003
358 -0.35303792357444763 0.8815116286277771 -0.3135424852371216
359 -0.37116697430610657 0.8753420114517212 -0.3098523020744324
360 -0.3892308175563812 0.8688715100288391 -0.30587923526763916
361 -0.40721356868743896 0.862090528011322 -0.30162927508354187
362 -0.42510637640953064 0.8549964427947998 -0.2971057891845703
363 -0.44289305806159973 0.8475824594497681 -0.2923147678375244
364 -0.4605678915977478 0.8398571014404297 -0.28726479411125183
365 -0.4781140089035034 0.8318066596984863 -0.28195920586586
366 -0.495527982711792 0.823439359664917 -0.2764076292514801
367 -0.5127895474433899 0.8147456645965576 -0.2706173360347748
368 -0.5298975110054016 0.8057323694229126 -0.2645934820175171
369 -0.5468317270278931 0.7963877320289612 -0.2583416700363159
370 -0.5635855793952942 0.7867186069488525 -0.25187307596206665
371 -0.5801530480384827 0.7767276763916016 -0.24519485235214233
372 -0.5965163111686707 0.7664055228233337 -0.2383122742176056
373 -0.6126677989959717 0.7557582855224609 -0.23123705387115479
374 -0.6285971999168396 0.7447823286056519 -0.22397339344024658
375 -0.6442966461181641 0.7334825396537781 -0.2165319323539734
376 -0.6597527265548706 0.7218576669692993 -0.20892107486724854
377 -0.6749594211578369 0.7099096775054932 -0.20114770531654358
378 -0.6899052858352661 0.697638750076294 -0.19322267174720764
379 -0.7045803666114807 0.6850486993789673 -0.18515312671661377
380 -0.7189720869064331 0.6721359491348267 -0.1769481599330902
381 -0.7330809831619263 0.6589112281799316 -0.1686166524887085
382 -0.7468875050544739 0.6453702449798584 -0.16016852855682373
383 -0.7603923082351685 0.6315221190452576 -0.15161141753196716
384 -0.7735807299613953 0.6173627376556396 -0.1429542899131775
385 -0.7864450216293335 0.602900505065918 -0.1342088282108307
386 -0.7989833354949951 0.5881412029266357 -0.1253824532032013
387 -0.8111798167228699 0.5730831623077393 -0.11648452281951904
388 -0.8230297565460205 0.5577317476272583 -0.10752317309379578
389 -0.834526777267456 0.5420944690704346 -0.09850949048995972
390 -0.845662534236908 0.5261745452880859 -0.0894518494606018
391 -0.8564269542694092 0.5099740624427795 -0.08036008477210999
392 -0.8668215274810791 0.49350476264953613 -0.07124131917953491
393 -0.8768309354782104 0.4767673909664154 -0.06210857629776001
394 -0.8864579200744629 0.4597707986831665 -0.05296802520751953
395 -0.8956867456436157 0.4425179362297058 -0.043829530477523804
396 -0.9045222401618958 0.42501938343048096 -0.03470250964164734
397 -0.912948489189148 0.40727663040161133 -0.02559599280357361
398 -0.9209640026092529 0.3893001079559326 -0.01651880145072937
399 -0.9285657405853271 0.37109580636024475 -0.007479339838027954
400 -0.9357481002807617 0.35267123579978943 0.0015117228031158447
401 -0.9425064325332642 0.33403486013412476 0.010449320077896118
402 -0.9488301277160645 0.31519198417663574 0.019320935010910034
403 -0.9547273516654968 0.29615357518196106 0.028120338916778564
404 -0.9601840972900391 0.2769266963005066 0.03683832287788391
405 -0.9652048945426941 0.2575196623802185 0.0454670786857605
406 -0.9697786569595337 0.23794105648994446 0.05399960279464722
407 -0.9739056825637817 0.2182001769542694 0.062424302101135254
408 -0.9775841236114502 0.19830507040023804 0.07073754072189331
409 -0.9808118939399719 0.17826540768146515 0.0789293646812439
410 -0.9835865497589111 0.15809288620948792 0.08699342608451843
411 -0.9859059453010559 0.13779336214065552 0.09492135047912598
412 -0.9877626895904541 0.11737614870071411 0.10270553827285767
413 -0.9891663789749146 0.09685680270195007 0.11034107208251953
414 -0.990105390548706 0.07623957097530365 0.11781936883926392
415 -0.9905850291252136 0.055535588413476944 0.12513360381126404
416 -0.9906036257743835 0.034758422523736954 0.1322794258594513
417 -0.9901593327522278 0.013915005140006542 0.13924917578697205
418 -0.9892556071281433 -0.0069819604977965355 0.14603671431541443
419 -0.9878904223442078 -0.027924980968236923 0.15263807773590088
420 -0.9860590100288391 -0.048898838460445404 0.15904489159584045
421 -0.9837744832038879 -0.06989717483520508 0.16525483131408691
422 -0.9810248613357544 -0.0909070372581482 0.1712609827518463
423 -0.9778168201446533 -0.11191649734973907 0.17705824971199036
424 -0.9741537570953369 -0.1329156756401062 0.18264341354370117
425 -0.9700360298156738 -0.1538945436477661 0.1880112886428833
426 -0.9654654264450073 -0.1748407781124115 0.19315773248672485
427 -0.9604400992393494 -0.19574230909347534 0.19807764887809753
428 -0.9549735188484192 -0.21659120917320251 0.20277079939842224
429 -0.949055016040802 -0.2373727262020111 0.20723044872283936
430 -0.9427021741867065 -0.2580786645412445 0.21145591139793396
431 -0.935904324054718 -0.2786962687969208 0.21544355154037476
432 -0.9286729693412781 -0.29921457171440125 0.21918857097625732
433 -0.9210097193717957 -0.31962159276008606 0.22269165515899658
434 -0.912912905216217 -0.33990609645843506 0.22594937682151794
435 -0.9043993949890137 -0.3600614070892334 0.2289600968360901
436 -0.8954622745513916 -0.38006922602653503 0.2317219376564026
437 -0.8861116170883179 -0.3999244272708893 0.23423358798027039
438 -0.8763554692268372 -0.4196171164512634 0.23649507761001587
439 -0.8661860227584839 -0.4391266107559204 0.23850375413894653
440 -0.8556245565414429 -0.4584554135799408 0.2402622103691101
441 -0.8446669578552246 -0.47758519649505615 0.2417672872543335
442 -0.8333194255828857 -0.49650484323501587 0.24301862716674805
443 -0.8215950131416321 -0.5152081847190857 0.24401924014091492
444 -0.8094893097877502 -0.5336822867393494 0.24476724863052368
445 -0.7970156073570251 -0.5519168376922607 0.24526497721672058
446 -0.7841789722442627 -0.5699030160903931 0.24551215767860413
447 -0.7709861993789673 -0.5876301527023315 0.2455110251903534
448 -0.7574388384819031 -0.6050857901573181 0.24526157975196838
449 -0.7435547709465027 -0.6222671270370483 0.24476858973503113
450 -0.7293323278427124 -0.6391575336456299 0.24403029680252075
451 -0.7147817611694336 -0.655752420425415 0.24305245280265808
452 -0.6999099254608154 -0.6720412373542786 0.2418345808982849
453 -0.6847276091575623 -0.688015341758728 0.24038204550743103
454 -0.6692378520965576 -0.7036668062210083 0.2386956810951233
455 -0.6534502506256104 -0.7189843058586121 0.23677891492843628
456 -0.6373760104179382 -0.7339640259742737 0.23463618755340576
457 -0.6210188269615173 -0.7485924959182739 0.23227012157440186
458 -0.6043872237205505 -0.762864351272583 0.2296844720840454
459 -0.5874940752983093 -0.7767740488052368 0.2268846035003662
460 -0.5703453421592712 -0.7903127074241638 0.22387230396270752
461 -0.5529471635818481 -0.803469181060791 0.22065293788909912
462 -0.5353101491928101 -0.8162400126457214 0.21723175048828125
463 -0.5174478888511658 -0.8286259770393372 0.21361380815505981
464 -0.49936285614967346 -0.8406091928482056 0.2098022997379303
465 -0.4810669720172882 -0.8521888256072998 0.20580387115478516
466 -0.46256619691848755 -0.8633536100387573 0.20162230730056763
467 -0.4438755512237549 -0.8741070032119751 0.19726401567459106
468 -0.4249981641769409 -0.8844350576400757 0.19273442029953003
469 -0.40594953298568726 -0.8943437933921814 0.1880403757095337
470 -0.3867347836494446 -0.903816819190979 0.18318480253219604
471 -0.36736419796943665 -0.9128551483154297 0.1781766712665558
472 -0.3478463292121887 -0.9214518070220947 0.17301857471466064
473 -0.3281914293766022 -0.9296027421951294 0.16771966218948364
474 -0.30841127038002014 -0.9373124837875366 0.16228601336479187
475 -0.288510799407959 -0.9445655345916748 0.15672212839126587
476 -0.26850447058677673 -0.9513660669326782 0.15103542804718018
477 -0.24839872121810913 -0.957711398601532 0.14523375034332275
478 -0.2282046377658844 -0.963597297668457 0.13932138681411743
479 -0.20792973041534424 -0.9690176248550415 0.1333073377609253
480 -0.18758746981620789 -0.9739806652069092 0.12719613313674927
481 -0.16718298196792603 -0.9784757494926453 0.1209973692893982
482 -0.14672905206680298 -0.9825042486190796 0.11471390724182129
483 -0.1262330710887909 -0.986066460609436 0.10835719108581543
484 -0.10570746660232544 -0.9891623258590698 0.10193091630935669
485 -0.08515730500221252 -0.9917851686477661 0.09544312953948975
486 -0.06459710001945496 -0.9939470887184143 0.08890128135681152
487 -0.04403159022331238 -0.9956362843513489 0.08231127262115479
488 -0.023473292589187622 -0.9968574047088623 0.07568120956420898
489 -0.0029295682907104492 -0.9976151585578918 0.06901687383651733
490 0.01758784055709839 -0.9978997111320496 0.06232619285583496
491 0.03807246685028076 -0.9977272748947144 0.055616021156311035
492 0.058514565229415894 -0.9970875978469849 0.04889273643493652
493 0.07890334725379944 -0.9959937334060669 0.04216453433036804
494 0.09923246502876282 -0.9944367408752441 0.03543728590011597
495 0.11948895454406738 -0.9924180507659912 0.028717070817947388
496 0.1396695077419281 -0.9899528622627258 0.02201157808303833
497 0.15976405143737793 -0.9870381951332092 0.01532796025276184
498 0.17976057529449463 -0.9836738109588623 0.008671730756759644
499 0.19965392351150513 -0.9798651337623596 0.0020505785942077637
500 0.2194344699382782 -0.9756172895431519 -0.004530489444732666
501 0.23909372091293335 -0.9709340333938599 -0.01106327772140503
502 0.2586255967617035 -0.965821385383606 -0.017542988061904907
503 0.2780182659626007 -0.960278332233429 -0.023962825536727905
504 0.2972658574581146 -0.9543126821517944 -0.030316144227981567
505 0.316362202167511 -0.9479366540908813 -0.036598265171051025
506 0.33529824018478394 -0.9411438703536987 -0.04280233383178711
507 0.35406428575515747 -0.9339406490325928 -0.04892164468765259
508 0.3726588189601898 -0.9263413548469543 -0.05495351552963257
509 0.3910675346851349 -0.9183435440063477 -0.06088995933532715
510 0.40929028391838074 -0.9099640250205994 -0.06672704219818115
511 0.4273151159286499 -0.9011971950531006 -0.07245844602584839
512 0.4451373517513275 -0.8920547366142273 -0.07807928323745728
513 0.46274757385253906 -0.8825381398200989 -0.0835849940776825
514 0.480144202709198 -0.8726663589477539 -0.08897081017494202
515 0.49731963872909546 -0.8624391555786133 -0.09423190355300903
516 0.5142637491226196 -0.8518581390380859 -0.09936383366584778
517 0.5309755802154541 -0.8409374952316284 -0.1043623685836792
518 0.5474470257759094 -0.8296859264373779 -0.10922282934188843
519 0.5636729001998901 -0.8181059956550598 -0.11394369602203369
520 0.5796434879302979 -0.8062043786048889 -0.11851745843887329
521 0.5953632593154907 -0.7939983606338501 -0.12294280529022217
522 0.6108189225196838 -0.7814867496490479 -0.12721645832061768
523 0.6260074377059937 -0.768680214881897 -0.13133364915847778
524 0.6409249901771545 -0.7555885910987854 -0.13529294729232788
525 0.6555687189102173 -0.7422195672988892 -0.13908937573432922
526 0.669929563999176 -0.7285780906677246 -0.14272382855415344
527 0.6840090751647949 -0.7146800756454468 -0.14619094133377075
528 0.6977970600128174 -0.7005262970924377 -0.14948797225952148
529 0.7112954258918762 -0.686128556728363 -0.1526145339012146
530 0.7244974970817566 -0.6714974045753479 -0.15556716918945312
531 0.7373961806297302 -0.6566363573074341 -0.15834498405456543
532 0.7499979734420776 -0.6415613889694214 -0.16094684600830078
533 0.762290358543396 -0.6262744069099426 -0.1633700132369995
534 0.7742800712585449 -0.6107922196388245 -0.1656162142753601
535 0.785955011844635 -0.5951149463653564 -0.16768032312393188
536 0.797316312789917 -0.5792567729949951 -0.1695643663406372
537 0.8083585500717163 -0.5632232427597046 -0.17126566171646118
538 0.8190894722938538 -0.5470272302627563 -0.1727868616580963
539 0.8294981718063354 -0.5306797027587891 -0.1741258203983307
540 0.8395833373069763 -0.5141792893409729 -0.17528191208839417
541 0.8493449687957764 -0.49754300713539124 -0.17625534534454346
542 0.8587847352027893 -0.48077934980392456 -0.17704784870147705
543 0.8678979277610779 -0.4638931155204773 -0.17765876650810242
544 0.8766795992851257 -0.44689592719078064 -0.17808851599693298
545 0.8851401209831238 -0.42979878187179565 -0.17833876609802246
546 0.8932685256004333 -0.41260451078414917 -0.1784105896949768
547 0.9010669589042664 -0.39532652497291565 -0.17830413579940796
548 0.9085385799407959 -0.3779727518558502 -0.17802155017852783
549 0.9156827330589294 -0.3605489134788513 -0.1775643229484558
550 0.9224978685379028 -0.3430687189102173 -0.17693421244621277
551 0.9289789199829102 -0.32553401589393616 -0.17613205313682556
552 0.9351392984390259 -0.30795764923095703 -0.17516154050827026
553 0.9409646391868591 -0.2903454601764679 -0.17402318120002747
554 0.9464670419692993 -0.27270740270614624 -0.17272111773490906
555 0.9516420364379883 -0.25504833459854126 -0.17125505208969116
556 0.9564928412437439 -0.23738138377666473 -0.16963061690330505
557 0.9610145092010498 -0.21970897912979126 -0.1678478717803955
558 0.9652230739593506 -0.20204199850559235 -0.16591253876686096
559 0.9691038131713867 -0.18438667058944702 -0.16382527351379395
560 0.9726667404174805 -0.1667517125606537 -0.16158977150917053
561 0.9759129881858826 -0.1491418182849884 -0.1592084765434265
562 0.9788446426391602 -0.13156642019748688 -0.1566867232322693
563 0.9814649224281311 -0.11403147131204605 -0.15402746200561523
564 0.983774721622467 -0.09654384851455688 -0.1512332260608673
565 0.9857717156410217 -0.07911184430122375 -0.1483074128627777
566 0.9874700903892517 -0.061740219593048096 -0.14525675773620605
567 0.9888589978218079 -0.04443548619747162 -0.14208132028579712
568 0.9899510145187378 -0.027204662561416626 -0.13878759741783142
569 0.9907452464103699 -0.010053306818008423 -0.1353776454925537
570 0.991243302822113 0.007011100649833679 -0.13185831904411316
571 0.9914541840553284 0.023985430598258972 -0.12823036313056946
572 0.9913743734359741 0.040861308574676514 -0.12450212240219116
573 0.9910200834274292 0.05763515830039978 -0.12067505717277527
574 0.9903773069381714 0.07429970800876617 -0.11675474047660828
575 0.9894618391990662 0.09085148572921753 -0.11274442076683044
576 0.9882732629776001 0.10728569328784943 -0.10865053534507751
577 0.9868189692497253 0.12359650433063507 -0.10447660088539124
578 0.9851008057594299 0.1397785097360611 -0.10022753477096558
579 0.9831168055534363 0.15582938492298126 -0.09590709209442139
580 0.9808840155601501 0.17174388468265533 -0.09152129292488098
581 0.9783949851989746 0.18751615285873413 -0.0870739221572876
582 0.9756614565849304 0.20314498245716095 -0.0825689435005188
583 0.9726858139038086 0.21862448751926422 -0.07801342010498047
584 0.9694733619689941 0.23395195603370667 -0.07341060042381287
585 0.9660278558731079 0.24912412464618683 -0.06876695156097412
586 0.9623579978942871 0.2641376852989197 -0.06408458948135376
587 0.958458423614502 0.27898672223091125 -0.05937013030052185
588 0.9543472528457642 0.2936730682849884 -0.05462798476219177
589 0.950018048286438 0.3081897795200348 -0.049862414598464966
590 0.9454836845397949 0.32253482937812805 -0.04507935047149658
591 0.9407461881637573 0.3367097079753876 -0.040282487869262695
592 0.9358128309249878 0.3507080376148224 -0.03547731041908264
593 0.9306886792182922 0.36452817916870117 -0.030668646097183228
594 0.9253775477409363 0.37816962599754333 -0.0258600115776062
595 0.9198811650276184 0.39162740111351013 -0.021056056022644043
596 0.9142155051231384 0.40490370988845825 -0.01626339554786682
597 0.9083749651908875 0.4179948568344116 -0.011485368013381958
598 0.9023771286010742 0.4309026002883911 -0.006725609302520752
599 0.8962157964706421 0.4436189532279968 -0.001991182565689087
600 0.8899004459381104 0.4561486542224884 0.0027177035808563232
601 0.8834394216537476 0.46848824620246887 0.0073919594287872314
602 0.876838207244873 0.48063895106315613 0.012030810117721558
603 0.8701004385948181 0.4925985336303711 0.016628235578536987
604 0.8632293343544006 0.5043656826019287 0.021180272102355957
605 0.8562378883361816 0.5159419775009155 0.02568298578262329
606 0.8491265773773193 0.5273258090019226 0.03013288974761963
607 0.8419072031974792 0.538517951965332 0.03452491760253906
608 0.8345769643783569 0.5495190024375916 0.03885623812675476
609 0.8271516561508179 0.5603283047676086 0.04312330484390259
610 0.8196267485618591 0.5709441900253296 0.0473211407661438
611 0.812015175819397 0.5813698768615723 0.05144652724266052
612 0.8043203353881836 0.5916035771369934 0.05549728870391846
613 0.7965491414070129 0.6016466617584229 0.05946728587150574
614 0.7887035608291626 0.6114989519119263 0.0633552074432373
615 0.7807965874671936 0.6211642026901245 0.06715729832649231
616 0.7728343605995178 0.6306418180465698 0.07087010145187378
617 0.7648124098777771 0.6399296522140503 0.07449185848236084
618 0.7567496299743652 0.649036169052124 0.0780179500579834
619 0.7486408352851868 0.6579524278640747 0.08144602179527283
620 0.7405023574829102 0.6666910648345947 0.08477485179901123
621 0.7323305606842041 0.6752418875694275 0.08799976110458374
622 0.7241361141204834 0.6836118698120117 0.09111839532852173
623 0.7159245610237122 0.6918036341667175 0.09413129091262817
624 0.7077014446258545 0.6998162865638733 0.0970306396484375
625 0.6994734406471252 0.7076538801193237 0.09982085227966309
626 0.69124436378479 0.7153158783912659 0.10249555110931396
627 0.6830220818519592 0.7228046655654907 0.10505354404449463
628 0.6748122572898865 0.7301226854324341 0.10749363899230957
629 0.6666143536567688 0.7372660040855408 0.1098129153251648
630 0.6584450602531433 0.7442468404769897 0.1120116114616394
631 0.6503031253814697 0.751060426235199 0.11408820748329163
632 0.6421918869018555 0.7577071189880371 0.11603987216949463
633 0.6341249942779541 0.7641963958740234 0.11786693334579468
634 0.6261001825332642 0.7705191373825073 0.11956638097763062
635 0.61812824010849 0.776688277721405 0.12113940715789795
636 0.6102089881896973 0.7826974987983704 0.12258478999137878
637 0.6023569703102112 0.788557767868042 0.1239011287689209
638 0.5945650339126587 0.7942596673965454 0.12508729100227356
639 0.5868456959724426 0.7998106479644775 0.1261443793773651
640 0.5792081356048584 0.8052184581756592 0.12707117199897766
641 0.571648359298706 0.8104767203330994 0.12786680459976196
642 0.5641763806343079 0.8155906200408936 0.1285334825515747
643 0.5567964911460876 0.820560872554779 0.12906816601753235
644 0.5495135188102722 0.8253916501998901 0.12947317957878113
645 0.5423339605331421 0.8300849795341492 0.12974965572357178
646 0.535260021686554 0.8346386551856995 0.12989526987075806
647 0.5282973051071167 0.8390620350837708 0.1299126148223877
648 0.5214514136314392 0.8433520197868347 0.12980234622955322
649 0.5147258639335632 0.8475090265274048 0.12956279516220093
650 0.5081248879432678 0.8515385389328003 0.12919849157333374
651 0.5016536116600037 0.8554421663284302 0.12870731949806213
652 0.49531638622283936 0.8592187762260437 0.12809249758720398
653 0.4891171157360077 0.8628735542297363 0.12735438346862793
654 0.4830600321292877 0.8664066195487976 0.12649542093276978
655 0.47714853286743164 0.8698166608810425 0.125514954328537
656 0.4713848829269409 0.8731065988540649 0.12441548705101013
657 0.46577832102775574 0.8762826323509216 0.12319827079772949
658 0.46032872796058655 0.8793437480926514 0.1218675971031189
659 0.4550408720970154 0.8822921514511108 0.12042278051376343
660 0.4499169588088989 0.8851269483566284 0.1188669204711914
661 0.4449615180492401 0.8878495097160339 0.11720213294029236
662 0.4401792287826538 0.8904634714126587 0.11542993783950806
663 0.4355696439743042 0.8929678201675415 0.11355185508728027
664 0.4311367869377136 0.8953607082366943 0.11157160997390747
665 0.42688652873039246 0.8976516723632812 0.10949283838272095
666 0.42281991243362427 0.8998350501060486 0.10731631517410278
667 0.41893988847732544 0.9019170999526978 0.10504484176635742
668 0.41525036096572876 0.9038935303688049 0.10268080234527588
669 0.4117518365383148 0.9057684540748596 0.10022854804992676
670 0.4084460139274597 0.9075393676757812 0.09768933057785034
671 0.40533706545829773 0.9092104434967041 0.09506696462631226
672 0.4024270176887512 0.9107789993286133 0.0923646092414856
673 0.3997173011302948 0.9122481346130371 0.08958521485328674
674 0.3972107768058777 0.9136224389076233 0.08673182129859924
675 0.39490845799446106 0.9148927927017212 0.08380770683288574
676 0.3928092122077942 0.9160627722740173 0.0808158814907074
677 0.39091840386390686 0.9171350598335266 0.07776051759719849
678 0.3892364501953125 0.91811203956604 0.07464414834976196
679 0.38776350021362305 0.9189858436584473 0.07147043943405151
680 0.38649994134902954 0.9197602868080139 0.06824260950088501
681 0.3854507803916931 0.9204404354095459 0.06496509909629822
682 0.3846111595630646 0.9210174679756165 0.06164121627807617
683 0.383985698223114 0.9215017557144165 0.0582728385925293
684 0.3835710287094116 0.9218777418136597 0.0548667311668396
685 0.3833731412887573 0.9221620559692383 0.05142524838447571
686 0.3833862543106079 0.9223442077636719 0.047951072454452515
687 0.38361531496047974 0.922427237033844 0.04444816708564758
688 0.38405337929725647 0.9224016666412354 0.04092073440551758
689 0.3847070634365082 0.9222808480262756 0.03737151622772217
690 0.3855743110179901 0.9220609664916992 0.033807188272476196
691 0.38665223121643066 0.9217336177825928 0.03022792935371399
692 0.38794034719467163 0.9213009476661682 0.02664002776145935
693 0.3894374966621399 0.9207651615142822 0.023045092821121216
694 0.3911452889442444 0.9201263785362244 0.019449442625045776
695 0.39305949211120605 0.9193778038024902 0.01585334539413452
696 0.39518091082572937 0.9185249209403992 0.012263953685760498
697 0.39750486612319946 0.9175595045089722 0.008681565523147583
698 0.40003296732902527 0.9164894223213196 0.005113363265991211
699 0.40275880694389343 0.9153043627738953 0.0015604496002197266
700 0.4056866466999054 0.914013147354126 -0.0019715726375579834
701 0.4088089168071747 0.9126074314117432 -0.0054819583892822266
702 0.41212543845176697 0.9110857844352722 -0.008965224027633667
703 0.4156327545642853 0.909449577331543 -0.012418389320373535
704 0.41932836174964905 0.9076967835426331 -0.015837490558624268
705 0.4232105016708374 0.9058306813240051 -0.019220292568206787
706 0.427272766828537 0.903839647769928 -0.022562295198440552
707 0.4315178394317627 0.9017360210418701 -0.02586117386817932
708 0.43593716621398926 0.8995084762573242 -0.0291135311126709
709 0.44052985310554504 0.8971601128578186 -0.0323164165019989
710 0.4452906548976898 0.8946863412857056 -0.03546583652496338
711 0.45021650195121765 0.892087996006012 -0.03855973482131958
712 0.4553024470806122 0.889363706111908 -0.04159492254257202
713 0.4605492949485779 0.8865178823471069 -0.0445692241191864
714 0.4659441113471985 0.8835370540618896 -0.04747915267944336
715 0.47149285674095154 0.8804334998130798 -0.05032181739807129
716 0.4771834909915924 0.8771994709968567 -0.0530964732170105
717 0.48301562666893005 0.8738340139389038 -0.055798232555389404
718 0.4889800548553467 0.8703359961509705 -0.05842620134353638
719 0.4950764775276184 0.8667047619819641 -0.0609777569770813
720 0.5013004541397095 0.8629458546638489 -0.06345111131668091
721 0.507644534111023 0.8590505719184875 -0.06584367156028748
722 0.5141016244888306 0.8550205230712891 -0.06815218925476074
723 0.5206713676452637 0.8508551716804504 -0.07037770748138428
724 0.5273449420928955 0.8465538024902344 -0.07251715660095215
725 0.5341199040412903 0.842115581035614 -0.0745684802532196
726 0.5409902334213257 0.8375455141067505 -0.07653027772903442
727 0.5479451417922974 0.8328325748443604 -0.07840153574943542
728 0.5549862384796143 0.8279862999916077 -0.08017966151237488
729 0.5621060729026794 0.8230038285255432 -0.08186528086662292
730 0.5692961812019348 0.8178830146789551 -0.08345526456832886
731 0.5765581130981445 0.8126316070556641 -0.08495122194290161
732 0.5838738083839417 0.8072360157966614 -0.0863502025604248
733 0.5912497043609619 0.8017117977142334 -0.08765220642089844
734 0.598673939704895 0.7960482239723206 -0.08885636925697327
735 0.6061438918113708 0.7902553677558899 -0.08996224403381348
736 0.6136471629142761 0.7843227982521057 -0.09096857905387878
737 0.6211870908737183 0.7782617807388306 -0.09187674522399902
738 0.6287517547607422 0.7720677256584167 -0.0926855206489563
739 0.6363334059715271 0.765738308429718 -0.09339416027069092
740 0.6439334154129028 0.7592841386795044 -0.09400534629821777
741 0.6515405774116516 0.7527009844779968 -0.09451556205749512
742 0.6591531038284302 0.7459924221038818 -0.0949273407459259
743 0.6667636632919312 0.7391603589057922 -0.09524059295654297
744 0.6743636131286621 0.7322018146514893 -0.0954551100730896
745 0.6819540858268738 0.7251283526420593 -0.09557271003723145
746 0.6895222663879395 0.7179324626922607 -0.0955929160118103
747 0.697063684463501 0.7106165885925293 -0.0955159068107605
748 0.7045801877975464 0.7031944990158081 -0.09534507989883423
749 0.7120583653450012 0.6956551671028137 -0.0950784683227539
750 0.7194989919662476 0.6880085468292236 -0.0947192907333374
751 0.726892352104187 0.6802562475204468 -0.09426701068878174
752 0.7342323064804077 0.6723988056182861 -0.09372252225875854
753 0.7415186762809753 0.6644407510757446 -0.09308922290802002
754 0.7487475872039795 0.6563901305198669 -0.09236729145050049
755 0.7559096217155457 0.6482436060905457 -0.09155827760696411
756 0.7630013227462769 0.6400057077407837 -0.09066382050514221
757 0.770022988319397 0.6316847205162048 -0.08968508243560791
758 0.7769640684127808 0.623279333114624 -0.08862432837486267
759 0.7838225960731506 0.6147939562797546 -0.08748364448547363
760 0.7905939221382141 0.6062331795692444 -0.0862630307674408
761 0.7972779870033264 0.5976037979125977 -0.0849660336971283
762 0.8038648366928101 0.5889066457748413 -0.08359372615814209
763 0.8103622198104858 0.5801500082015991 -0.08214861154556274
764 0.8167503476142883 0.571329653263092 -0.08063209056854248
765 0.823039710521698 0.5624592304229736 -0.0790468156337738
766 0.8292203545570374 0.5535382032394409 -0.07739531993865967
767 0.8352956175804138 0.5445739030838013 -0.07567858695983887
768 0.8412541151046753 0.5355702638626099 -0.07389947772026062
769 0.8470991253852844 0.5265296101570129 -0.07206010818481445
770 0.8528260588645935 0.5174587965011597 -0.07016336917877197
771 0.85843825340271 0.5083661079406738 -0.06821030378341675
772 0.8639247417449951 0.49924856424331665 -0.06620493531227112
773 0.8692938685417175 0.4901213049888611 -0.06414836645126343
774 0.8745369911193848 0.48098045587539673 -0.06204381585121155
775 0.879654586315155 0.47183555364608765 -0.0598924458026886
776 0.8846409320831299 0.46268948912620544 -0.05769878625869751
777 0.8895055055618286 0.4535500407218933 -0.05546262860298157
778 0.8942373991012573 0.44442009925842285 -0.0531887412071228
779 0.8988451361656189 0.43530845642089844 -0.05087864398956299
780 0.9033216238021851 0.42621639370918274 -0.048534542322158813
781 0.9076667428016663 0.41714900732040405 -0.04615989327430725
782 0.9118849039077759 0.40811416506767273 -0.04375573992729187
783 0.9159668684005737 0.39911288022994995 -0.041325926780700684
784 0.9199267029762268 0.39015859365463257 -0.03887239098548889
785 0.9237570762634277 0.38124895095825195 -0.03639814257621765
786 0.9274569153785706 0.37239086627960205 -0.03390464186668396
787 0.9310290813446045 0.3635879456996918 -0.031395018100738525
788 0.9344810247421265 0.35485151410102844 -0.028871864080429077
789 0.937802255153656 0.34617894887924194 -0.026337772607803345
790 0.9409992694854736 0.33757883310317993 -0.02379557490348816
791 0.9440739750862122 0.3290552496910095 -0.021246105432510376
792 0.9470246434211731 0.3206123113632202 -0.018692493438720703
793 0.9498602747917175 0.31225717067718506 -0.016138017177581787
794 0.9525811672210693 0.30399298667907715 -0.013584762811660767
795 0.9551796317100525 0.2958222031593323 -0.011034518480300903
796 0.957668662071228 0.2877534329891205 -0.008490413427352905
797 0.9600425958633423 0.27978742122650146 -0.005954086780548096
798 0.9623096585273743 0.27193015813827515 -0.0034280717372894287
799 0.9644738435745239 0.26418572664260864 -0.0009145438671112061
800 0.9665291905403137 0.25655901432037354 0.0015835165977478027
801 0.9684825539588928 0.24905002117156982 0.004064708948135376
802 0.9703370332717896 0.24166911840438843 0.006526142358779907
803 0.972094714641571 0.2344132512807846 0.00896608829498291
804 0.973761260509491 0.227291077375412 0.011382907629013062
805 0.9753340482711792 0.22030362486839294 0.013773411512374878
806 0.9768210649490356 0.2134542465209961 0.01613527536392212
807 0.9782223105430603 0.20674794912338257 0.018468856811523438
808 0.9795399904251099 0.20018672943115234 0.020769178867340088
809 0.9807769060134888 0.19377127289772034 0.02303558588027954
810 0.9819414615631104 0.18750829994678497 0.025266826152801514
811 0.9830254316329956 0.18139678239822388 0.027459442615509033
812 0.9840463399887085 0.17544300854206085 0.029612451791763306
813 0.9849948883056641 0.16964757442474365 0.031723588705062866
814 0.9858813881874084 0.1640125960111618 0.03379186987876892
815 0.9867067933082581 0.158540740609169 0.03581643104553223
816 0.9874662160873413 0.15323267877101898 0.03779217600822449
817 0.9881759881973267 0.14809203147888184 0.03972014784812927
818 0.9888330101966858 0.14312024414539337 0.04159724712371826
819 0.9894373416900635 0.13831956684589386 0.04342371225357056
820 0.9899953007698059 0.13368871808052063 0.045197635889053345
821 0.9905074834823608 0.12923169136047363 0.046915650367736816
822 0.9909726977348328 0.12494871020317078 0.0485786497592926
823 0.9914019107818604 0.12084086239337921 0.05018407106399536
824 0.991793692111969 0.11690975725650787 0.05173090100288391
825 0.992149829864502 0.11315551400184631 0.05321788787841797
826 0.9924783706665039 0.1095801591873169 0.05464377999305725
827 0.9927703738212585 0.10618254542350769 0.056007057428359985
828 0.9930354356765747 0.10296383500099182 0.0573081374168396
829 0.9932699203491211 0.09992456436157227 0.058543890714645386
830 0.993484377861023 0.09706509113311768 0.05971497297286987
831 0.9936755299568176 0.09438654780387878 0.06082051992416382
832 0.9938452243804932 0.09188589453697205 0.06185883283615112
833 0.9939962029457092 0.08956599235534668 0.06282937526702881
834 0.9941340088844299 0.08742585778236389 0.06373229622840881
835 0.9942511320114136 0.08546602725982666 0.0645664632320404
836 0.994347333908081 0.08368337154388428 0.06532895565032959
837 0.9944397211074829 0.08208003640174866 0.06602385640144348
838 0.9945111870765686 0.08065366744995117 0.06664755940437317
839 0.9945770502090454 0.07940614223480225 0.06720131635665894
840 0.9946258068084717 0.07833388447761536 0.0676841139793396
841 0.9946736097335815 0.07743966579437256 0.06809577345848083
842 0.9947048425674438 0.076718270778656 0.0684359073638916
843 0.9947288632392883 0.07617214322090149 0.06870552897453308
844 0.9947432279586792 0.07579842209815979 0.06890365481376648
845 0.9947476983070374 0.07559537887573242 0.06903088092803955
846 0.9947482347488403 0.07556328177452087 0.06908807158470154
847 0.9947341680526733 0.07570210099220276 0.06907403469085693
848 0.9947181344032288 0.07600772380828857 0.06899052858352661
849 0.9946926832199097 0.0764802098274231 0.0688369870185852
850 0.9946576356887817 0.07711970806121826 0.06861406564712524
851 0.9946134090423584 0.07792085409164429 0.0683247447013855
852 0.9945663213729858 0.07888570427894592 0.06796577572822571
853 0.9945060014724731 0.08001014590263367 0.06753996014595032
854 0.9944312572479248 0.08129489421844482 0.06704717874526978
855 0.994350016117096 0.08273625373840332 0.06649047136306763
856 0.9942612051963806 0.08433407545089722 0.0658683180809021
857 0.9941544532775879 0.0860864520072937 0.06518399715423584
858 0.9940341711044312 0.08798986673355103 0.06443527340888977
859 0.9939023852348328 0.09004470705986023 0.06362783908843994
860 0.993754506111145 0.09224700927734375 0.06275904178619385
861 0.9935925602912903 0.09459787607192993 0.061832040548324585
862 0.9934167861938477 0.09709343314170837 0.06084814667701721
863 0.9932159781455994 0.09973114728927612 0.059808433055877686
864 0.9929981231689453 0.10251039266586304 0.05871468782424927
865 0.9927586913108826 0.10542762279510498 0.057568371295928955
866 0.9925025701522827 0.10848450660705566 0.05637022852897644
867 0.9922155141830444 0.1116737425327301 0.055121660232543945
868 0.9919067025184631 0.11499753594398499 0.05382645130157471
869 0.9915742874145508 0.11845287680625916 0.05248606204986572
870 0.9912093281745911 0.12203651666641235 0.051099538803100586
871 0.9908195734024048 0.12574753165245056 0.04967212677001953
872 0.9903976917266846 0.12958383560180664 0.0482029914855957
873 0.9899449348449707 0.1335429549217224 0.04669547080993652
874 0.9894559979438782 0.1376228630542755 0.04515102505683899
875 0.9889347553253174 0.14182314276695251 0.043571799993515015
876 0.9883774518966675 0.14613831043243408 0.04195865988731384
877 0.9877777099609375 0.15056902170181274 0.04031550884246826
878 0.9871443510055542 0.15511345863342285 0.038642823696136475
879 0.9864625930786133 0.15976765751838684 0.03694397211074829
880 0.985747218132019 0.16453152894973755 0.03521937131881714
881 0.9849807024002075 0.16940194368362427 0.03347250819206238
882 0.9841718077659607 0.17437756061553955 0.03170332312583923
883 0.9833139181137085 0.17945536971092224 0.029915809631347656
884 0.982405424118042 0.18463405966758728 0.028112053871154785
885 0.9814515709877014 0.18991219997406006 0.026292860507965088
886 0.9804432988166809 0.19528770446777344 0.024461179971694946
887 0.9793801307678223 0.20075824856758118 0.02261793613433838
888 0.9782650470733643 0.20632204413414001 0.020766258239746094
889 0.9770914912223816 0.2119767963886261 0.018907487392425537
890 0.9758652448654175 0.21772214770317078 0.017043709754943848
891 0.9745718836784363 0.22355470061302185 0.01517641544342041
892 0.9732259511947632 0.22947433590888977 0.013309001922607422
893 0.9718133211135864 0.235478937625885 0.011441051959991455
894 0.9703369140625 0.2415638267993927 0.009576559066772461
895 0.9688010811805725 0.24773186445236206 0.007715821266174316
896 0.9671909213066101 0.2539789378643036 0.005861610174179077
897 0.9655207395553589 0.26030462980270386 0.004015505313873291
898 0.9637752771377563 0.26670530438423157 0.002177596092224121
899 0.961962103843689 0.27318117022514343 0.00035178661346435547
900 0.9600800275802612 0.27973154187202454 -0.0014605224132537842
901 0.9581171274185181 0.28635266423225403 -0.0032597482204437256
902 0.9560888409614563 0.293047159910202 -0.005042850971221924
903 0.9539770483970642 0.2998077869415283 -0.006807565689086914
904 0.951788067817688 0.30663710832595825 -0.008553862571716309
905 0.9495237469673157 0.31353458762168884 -0.01027977466583252
906 0.9471776485443115 0.3204965889453888 -0.011984109878540039
907 0.9447470903396606 0.3275225758552551 -0.013665616512298584
908 0.9422343969345093 0.33461326360702515 -0.01532164216041565
909 0.9396340847015381 0.34176376461982727 -0.016952931880950928
910 0.9369493126869202 0.34897637367248535 -0.01855599880218506
911 0.9341757893562317 0.35624930262565613 -0.02013292908668518
912 0.9313141703605652 0.36358216404914856 -0.021679311990737915
913 0.9283584952354431 0.370971143245697 -0.023195892572402954
914 0.9253061413764954 0.3784174621105194 -0.02468085289001465
915 0.9221643209457397 0.38592132925987244 -0.026133090257644653
916 0.9189211130142212 0.3934796452522278 -0.027551710605621338
917 0.9155806303024292 0.40109264850616455 -0.028937935829162598
918 0.9121421575546265 0.4087609350681305 -0.03028598427772522
919 0.9085975885391235 0.4164787530899048 -0.03159970045089722
920 0.9049509167671204 0.42425304651260376 -0.03287580609321594
921 0.9011936187744141 0.43207451701164246 -0.03411373496055603
922 0.8973309993743896 0.43995022773742676 -0.03531366586685181
923 0.8933545351028442 0.4478735327720642 -0.036473989486694336
924 0.889266848564148 0.4558480381965637 -0.03759464621543884
925 0.8850609064102173 0.4638691544532776 -0.03867331147193909
926 0.8807396292686462 0.47193872928619385 -0.039711058139801025
927 0.876298189163208 0.48005592823028564 -0.04070562124252319
928 0.8717304468154907 0.488217830657959 -0.04165917634963989
929 0.8670368790626526 0.49642518162727356 -0.04256737232208252
930 0.8622148036956787 0.5046777725219727 -0.04343283176422119
931 0.8572649359703064 0.5129745006561279 -0.04425191879272461
932 0.8521784543991089 0.5213135480880737 -0.0450272262096405
933 0.8469533920288086 0.5296924114227295 -0.04575622081756592
934 0.8415917158126831 0.5381154417991638 -0.046438902616500854
935 0.8360862731933594 0.5465778112411499 -0.04707390069961548
936 0.8304352760314941 0.5550780296325684 -0.047663599252700806
937 0.8246318101882935 0.5636136531829834 -0.048203617334365845
938 0.8186780214309692 0.5721883177757263 -0.048696160316467285
939 0.8125683069229126 0.5807964205741882 -0.04914146661758423
940 0.8062952160835266 0.5894378423690796 -0.04953598976135254
941 0.79986172914505 0.5981109738349915 -0.049881160259246826
942 0.7932595610618591 0.6068134307861328 -0.05017632246017456
943 0.7864865064620972 0.6155434846878052 -0.050421953201293945
944 0.779541552066803 0.6243029832839966 -0.05061757564544678
945 0.7724173069000244 0.6330841779708862 -0.05076223611831665
946 0.7651101350784302 0.6418893933296204 -0.05085614323616028
947 0.7576189041137695 0.6507126092910767 -0.0508977472782135
948 0.7499328255653381 0.6595523357391357 -0.050889670848846436
949 0.7420594692230225 0.6684110760688782 -0.05082947015762329
950 0.7339839935302734 0.6772775650024414 -0.05071726441383362
951 0.725702166557312 0.6861481666564941 -0.050553083419799805
952 0.7172197699546814 0.695032000541687 -0.05033734440803528
953 0.7085238695144653 0.7039141058921814 -0.050068825483322144
954 0.6996084451675415 0.7127914428710938 -0.04974856972694397
955 0.6904804706573486 0.7216670513153076 -0.04937857389450073
956 0.6811239719390869 0.7305319905281067 -0.04895475506782532
957 0.6715400218963623 0.7393812537193298 -0.048480600118637085
958 0.6617263555526733 0.7482135891914368 -0.04795640707015991
959 0.651672899723053 0.7570194602012634 -0.047380298376083374
960 0.641377866268158 0.7657980918884277 -0.046754300594329834
961 0.6308403611183167 0.7745437622070312 -0.046078234910964966
962 0.6200535297393799 0.7832479476928711 -0.045353323221206665
963 0.6090145707130432 0.7919105887413025 -0.04457935690879822
964 0.5977151393890381 0.8005174994468689 -0.043759167194366455
965 0.5861546397209167 0.8090647459030151 -0.042889177799224854
966 0.5743299126625061 0.8175502419471741 -0.04197496175765991
967 0.5622369647026062 0.8259614706039429 -0.04101473093032837
968 0.5498692393302917 0.834294319152832 -0.04001152515411377
969 0.5372238159179688 0.8425361514091492 -0.03896552324295044
970 0.5243018865585327 0.8506884574890137 -0.037876784801483154
971 0.5110980868339539 0.8587368726730347 -0.036748528480529785
972 0.4976082444190979 0.866671621799469 -0.03558295965194702
973 0.4838298559188843 0.8744895458221436 -0.03438007831573486
974 0.46975791454315186 0.8821731209754944 -0.03314217925071716
975 0.45539551973342896 0.88972008228302 -0.03187185525894165
976 0.44073566794395447 0.89711594581604 -0.030572086572647095
977 0.42578160762786865 0.9043577313423157 -0.029241621494293213
978 0.4105243384838104 0.9114218354225159 -0.02788671851158142
979 0.39497074484825134 0.9183146953582764 -0.026507318019866943
980 0.37911224365234375 0.9250085949897766 -0.025107353925704956
981 0.36295652389526367 0.9315081238746643 -0.02369004487991333
982 0.34649625420570374 0.9377889037132263 -0.02225622534751892
983 0.3297370374202728 0.9438471794128418 -0.02081158757209778
984 0.3126741349697113 0.9496682286262512 -0.019358456134796143
985 0.2953121066093445 0.9552368521690369 -0.01789957284927368
986 0.2776501178741455 0.9605453610420227 -0.01644033193588257
987 0.25969168543815613 0.9655744433403015 -0.014981567859649658
988 0.24144020676612854 0.97032231092453 -0.013529270887374878
989 0.22289717197418213 0.9747665524482727 -0.012087345123291016
990 0.20406588912010193 0.9789004921913147 -0.010660350322723389
991 0.18494877219200134 0.9827040433883667 -0.009250462055206299
992 0.1655532419681549 0.9861724376678467 -0.007863909006118774
993 0.14588260650634766 0.9892792701721191 -0.006504863500595093
994 0.12594377994537354 0.99202561378479 -0.00517764687538147
995 0.1057441234588623 0.9943898916244507 -0.0038875043392181396
996 0.08528472483158112 0.9963534474372864 -0.0026394426822662354
997 0.06457903981208801 0.9979099631309509 -0.0014376938343048096
998 0.043633103370666504 0.9990495443344116 -0.0002872049808502197
999 0.022455289959907532 0.9997481107711792 0.0008052587509155273
