x y ref_solution model_fnn_4_qubits
0.0 0.0 0.0 -0.002624034881591797
0.0 0.0416666679084301 0.0 -0.0013248920440673828
0.0 0.0833333358168602 0.0 0.0004076659679412842
0.0 0.125 0.0 0.0017322897911071777
0.0 0.1666666716337204 0.0 0.0023185312747955322
0.0 0.2083333432674408 0.0 0.0022029876708984375
0.0 0.25 0.0 0.0016140937805175781
0.0 0.2916666865348816 0.0 0.0008209943771362305
0.0 0.3333333432674408 0.0 3.8623809814453125e-05
0.0 0.375 0.0 -0.0006020069122314453
0.0 0.4166666865348816 0.0 -0.0010498762130737305
0.0 0.4583333432674408 0.0 -0.001303344964981079
0.0 0.5 0.0 -0.0013664960861206055
0.0 0.5416666269302368 0.0 -0.0012197494506835938
0.0 0.5833333134651184 0.0 -0.0008226633071899414
0.0 0.625 0.0 -0.00016513466835021973
0.0 0.6666666269302368 0.0 0.0006663799285888672
0.0 0.7083333134651184 0.0 0.0014628767967224121
0.0 0.75 0.0 0.0019462108612060547
0.0 0.7916666865348816 0.0 0.0018898546695709229
0.0 0.8333333134651184 0.0 0.0012429356575012207
0.0 0.875 0.0 0.00018897652626037598
0.0 0.9166666865348816 0.0 -0.0009150207042694092
0.0 0.9583333134651184 0.0 -0.0017126500606536865
0.0 1.0 0.0 -0.002127408981323242
0.040816325694322586 0.0 0.05788752183366146 0.058495670557022095
0.040816325694322586 0.0416666679084301 0.05075487278720568 0.051300048828125
0.040816325694322586 0.0833333358168602 0.0444411363495255 0.04604652523994446
0.040816325694322586 0.125 0.04008528806074438 0.04204559326171875
0.040816325694322586 0.1666666716337204 0.036704856867579294 0.03882402181625366
0.040816325694322586 0.2083333432674408 0.033859939523922654 0.03611445426940918
0.040816325694322586 0.25 0.032024050862430216 0.033804744482040405
0.040816325694322586 0.2916666865348816 0.030709860786448433 0.03187835216522217
0.040816325694322586 0.3333333432674408 0.02971781153728393 0.030360698699951172
0.040816325694322586 0.375 0.029161390810937576 0.029268085956573486
0.040816325694322586 0.4166666865348816 0.02882604723499086 0.0285760760307312
0.040816325694322586 0.4583333432674408 0.028634692889253462 0.02821934223175049
0.040816325694322586 0.5 0.028585238716539795 0.028125226497650146
0.040816325694322586 0.5416666269302368 0.028634561741520778 0.02826547622680664
0.040816325694322586 0.5833333134651184 0.028825787989181676 0.028682291507720947
0.040816325694322586 0.625 0.029161047469643448 0.029454082250595093
0.040816325694322586 0.6666666269302368 0.029717416895831204 0.030624300241470337
0.040816325694322586 0.7083333134651184 0.03070944500980861 0.0321497917175293
0.040816325694322586 0.75 0.03202364161444022 0.03392612934112549
0.040816325694322586 0.7916666865348816 0.03385955197024934 0.03589355945587158
0.040816325694322586 0.8333333134651184 0.03670450187987887 0.0381585955619812
0.040816325694322586 0.875 0.04008496203900797 0.041058629751205444
0.040816325694322586 0.9166666865348816 0.044440834384617586 0.04511114954948425
0.040816325694322586 0.9583333134651184 0.05075458827281324 0.05083224177360535
0.040816325694322586 1.0 0.0578872424689883 0.058425188064575195
0.08163265138864517 0.0 0.11405308950022335 0.1168743371963501
0.08163265138864517 0.0416666679084301 0.10007633868732077 0.10201314091682434
0.08163265138864517 0.0833333358168602 0.087715459426887 0.09045246243476868
0.08163265138864517 0.125 0.07920002975208217 0.08159029483795166
0.08163265138864517 0.1666666716337204 0.07260574298054606 0.07482889294624329
0.08163265138864517 0.2083333432674408 0.06707623844714546 0.06965342164039612
0.08163265138864517 0.25 0.0635286452326805 0.06567439436912537
0.08163265138864517 0.2916666865348816 0.06101063031582595 0.06263965368270874
0.08163265138864517 0.3333333432674408 0.05913543372941192 0.06040695309638977
0.08163265138864517 0.375 0.0581043493748383 0.058888405561447144
0.08163265138864517 0.4166666865348816 0.05749781629911194 0.05798739194869995
0.08163265138864517 0.4583333432674408 0.057160996201308135 0.057570070028305054
0.08163265138864517 0.5 0.057075628359267244 0.05748796463012695
0.08163265138864517 0.5416666269302368 0.0571607178388132 0.05765154957771301
0.08163265138864517 0.5833333134651184 0.05749726883391405 0.058088988065719604
0.08163265138864517 0.625 0.058103629381489524 0.05893954634666443
0.08163265138864517 0.6666666269302368 0.059134613290939456 0.06037724018096924
0.08163265138864517 0.7083333134651184 0.06100977521723775 0.06253072619438171
0.08163265138864517 0.75 0.06352781174994225 0.06547453999519348
0.08163265138864517 0.7916666865348816 0.06707545651086975 0.06931230425834656
0.08163265138864517 0.8333333134651184 0.07260503355104268 0.07429304718971252
0.08163265138864517 0.875 0.07919938289024626 0.08088260889053345
0.08163265138864517 0.9166666865348816 0.0877148636765308 0.0897287130355835
0.08163265138864517 0.9583333134651184 0.10007577963690109 0.10149088501930237
0.08163265138864517 1.0 0.11405254122717527 0.11652082204818726
0.12244898080825806 0.0 0.1668350552899508 0.17109650373458862
0.12244898080825806 0.0416666679084301 0.14657967267981037 0.14947828650474548
0.12244898080825806 0.0833333358168602 0.1286938364967715 0.13239401578903198
0.12244898080825806 0.125 0.1164031409974952 0.11926373839378357
0.12244898080825806 0.1666666716337204 0.10692131529356276 0.1093733012676239
0.12244898080825806 0.2083333432674408 0.09902198728717164 0.1020064651966095
0.12244898080825806 0.25 0.0940077099223079 0.09655654430389404
0.12244898080825806 0.2916666865348816 0.09050536625119249 0.0925770103931427
0.12244898080825806 0.3333333432674408 0.08796612067383945 0.08977499604225159
0.12244898080825806 0.375 0.08662703872965619 0.08795920014381409
0.12244898080825806 0.4166666865348816 0.0858816448874962 0.0869566798210144
0.12244898080825806 0.4583333432674408 0.08549492117981021 0.08655878901481628
0.12244898080825806 0.5 0.08540198759827246 0.08653837442398071
0.12244898080825806 0.5416666269302368 0.0854944601030733 0.08673596382141113
0.12244898080825806 0.5833333134651184 0.08588074587237839 0.08715766668319702
0.12244898080825806 0.625 0.08662587042691132 0.08799725770950317
0.12244898080825806 0.6666666269302368 0.08796480888656152 0.08955961465835571
0.12244898080825806 0.7083333134651184 0.09050402395553937 0.09214887022972107
0.12244898080825806 0.75 0.09400642311089918 0.09602236747741699
0.12244898080825806 0.7916666865348816 0.09902079905280692 0.10144245624542236
0.12244898080825806 0.8333333134651184 0.10692025442598277 0.10878664255142212
0.12244898080825806 0.875 0.1164021853249202 0.11862689256668091
0.12244898080825806 0.9166666865348816 0.1286929646395579 0.1317204236984253
0.12244898080825806 0.9583333134651184 0.14657886006944398 0.14886009693145752
0.12244898080825806 1.0 0.16683425994624929 0.17056810855865479
0.16326530277729034 0.0 0.2202552288044892 0.21975746750831604
0.16326530277729034 0.0416666679084301 0.19392745550902254 0.19240406155586243
0.16326530277729034 0.0833333358168602 0.17074025428145326 0.17070165276527405
0.16326530277729034 0.125 0.15487464049929647 0.1540314257144928
0.16326530277729034 0.1666666716337204 0.14271534458666765 0.1415630578994751
0.16326530277729034 0.2083333432674408 0.1327026469202844 0.13242840766906738
0.16326530277729034 0.25 0.12647230124762415 0.12585598230361938
0.16326530277729034 0.2916666865348816 0.12225692901955831 0.12124404311180115
0.16326530277729034 0.3333333432674408 0.11937259521349523 0.11816400289535522
0.16326530277729034 0.375 0.11800017342975055 0.1163090169429779
0.16326530277729034 0.4166666865348816 0.11735250683056796 0.11540591716766357
0.16326530277729034 0.4583333432674408 0.117096168405239 0.1151551902294159
0.16326530277729034 0.5 0.11705057516068265 0.11524191498756409
0.16326530277729034 0.5416666269302368 0.11709542759971202 0.11543914675712585
0.16326530277729034 0.5833333134651184 0.1173510822422196 0.11573728919029236
0.16326530277729034 0.625 0.11799835738627798 0.1163916289806366
0.16326530277729034 0.6666666269302368 0.1193706043373709 0.11784383654594421
0.16326530277729034 0.7083333134651184 0.12225495193369154 0.12057915329933167
0.16326530277729034 0.75 0.12647045651651614 0.12503543496131897
0.16326530277729034 0.7916666865348816 0.13270098687854825 0.1316266655921936
0.16326530277729034 0.8333333134651184 0.14271390055058716 0.14084100723266602
0.16326530277729034 0.875 0.1548733647898749 0.15333649516105652
0.16326530277729034 0.9166666865348816 0.17073910808265957 0.1699560284614563
0.16326530277729034 0.9583333134651184 0.19392639882231527 0.19161224365234375
0.16326530277729034 1.0 0.2202541979181355 0.21901345252990723
0.20408162474632263 0.0 0.2609398658938615 0.2615382969379425
0.20408162474632263 0.0416666679084301 0.23033709382492618 0.22961455583572388
0.20408162474632263 0.0833333358168602 0.20347115577485547 0.20432907342910767
0.20408162474632263 0.125 0.18518641713177386 0.1849725842475891
0.20408162474632263 0.1666666716337204 0.1712911846284501 0.17060744762420654
0.20408162474632263 0.2083333432674408 0.16002553373742984 0.16025897860527039
0.20408162474632263 0.25 0.15321091260409994 0.15304869413375854
0.20408162474632263 0.2916666865348816 0.14882199576503613 0.1482628583908081
0.20408162474632263 0.3333333432674408 0.14611399177591539 0.14534839987754822
0.20408162474632263 0.375 0.14510089833588782 0.14385944604873657
0.20408162474632263 0.4166666865348816 0.14486468033551014 0.143377423286438
0.20408162474632263 0.4583333432674408 0.1449680846706077 0.14346712827682495
0.20408162474632263 0.5 0.1450384867773365 0.14370474219322205
0.20408162474632263 0.5416666269302368 0.1449669963661578 0.14380502700805664
0.20408162474632263 0.5833333134651184 0.14486261888711968 0.14377108216285706
0.20408162474632263 0.625 0.14509832572811596 0.14395353198051453
0.20408162474632263 0.6666666269302368 0.14611124617646704 0.1449531614780426
0.20408162474632263 0.7083333134651184 0.14881936048926048 0.14744213223457336
0.20408162474632263 0.75 0.15320852905590837 0.15203499794006348
0.20408162474632263 0.7916666865348816 0.16002345170148466 0.1592821478843689
0.20408162474632263 0.8333333134651184 0.17128942706461894 0.16976279020309448
0.20408162474632263 0.875 0.18518489896015244 0.18419259786605835
0.20408162474632263 0.9166666865348816 0.20346981550949805 0.20347315073013306
0.20408162474632263 0.9583333134651184 0.23033587373685685 0.22861731052398682
0.20408162474632263 1.0 0.26093868005237486 0.2605120539665222
0.2448979616165161 0.0 0.29405085259927555 0.2952975034713745
0.2448979616165161 0.0416666679084301 0.2604111670064383 0.2601250112056732
0.2448979616165161 0.0833333358168602 0.23100257086780818 0.2324114739894867
0.2448979616165161 0.125 0.21112932764474 0.21132388710975647
0.2448979616165161 0.1666666716337204 0.19620150676764037 0.19583818316459656
0.2448979616165161 0.2083333432674408 0.18436726779304588 0.18492528796195984
0.2448979616165161 0.25 0.17751775817079765 0.17766350507736206
0.2448979616165161 0.2916666865348816 0.17347599091338714 0.17327803373336792
0.2448979616165161 0.3333333432674408 0.17151022321788065 0.17110800743103027
0.2448979616165161 0.375 0.17133025543007527 0.17053771018981934
0.2448979616165161 0.4166666865348816 0.1719141631699428 0.1709335446357727
0.2448979616165161 0.4583333432674408 0.17269223766630284 0.17164388298988342
0.2448979616165161 0.5 0.17297540548489762 0.17208895087242126
0.2448979616165161 0.5416666269302368 0.17269068781324737 0.17193523049354553
0.2448979616165161 0.5833333134651184 0.17191127463200978 0.17125272750854492
0.2448979616165161 0.625 0.1713267332827654 0.17055100202560425
0.2448979616165161 0.6666666269302368 0.17150657494409338 0.17063727974891663
0.2448979616165161 0.7083333134651184 0.1734726227107022 0.17238754034042358
0.2448979616165161 0.75 0.17751482012270017 0.17658564448356628
0.2448979616165161 0.7916666865348816 0.18436479001920247 0.18389642238616943
0.2448979616165161 0.8333333134651184 0.19619948860121214 0.19496014714241028
0.2448979616165161 0.875 0.2111276306614963 0.21051907539367676
0.2448979616165161 0.9166666865348816 0.23100110410338784 0.23149961233139038
0.2448979616165161 0.9583333134651184 0.2604098520075421 0.25898486375808716
0.2448979616165161 1.0 0.2940495803202648 0.2940150797367096
0.2857142686843872 0.0 0.3187349893979592 0.32015207409858704
0.2857142686843872 0.0416666679084301 0.283418724348372 0.28319671750068665
0.2857142686843872 0.0833333358168602 0.2527094315420122 0.2542986273765564
0.2857142686843872 0.125 0.23214963776935205 0.23249638080596924
0.2857142686843872 0.1666666716337204 0.21694780318170273 0.21671640872955322
0.2857142686843872 0.2083333432674408 0.20528004548336487 0.20593413710594177
0.2857142686843872 0.25 0.19898880408323338 0.19925537705421448
0.2857142686843872 0.2916666865348816 0.19586689610451127 0.1959058940410614
0.2857142686843872 0.3333333432674408 0.195286499342318 0.19514110684394836
0.2857142686843872 0.375 0.19649870934256555 0.19614702463150024
0.2857142686843872 0.4166666865348816 0.1984004195304796 0.19798943400382996
0.2857142686843872 0.4583333432674408 0.20024592257758428 0.19968953728675842
0.2857142686843872 0.5 0.20086408096613417 0.20043477416038513
0.2857142686843872 0.5416666269302368 0.2002438199210017 0.19983786344528198
0.2857142686843872 0.5833333134651184 0.19839656106215933 0.19810685515403748
0.2857142686843872 0.625 0.19649410999173889 0.1960046887397766
0.2857142686843872 0.6666666269302368 0.1952818761444379 0.19461631774902344
0.2857142686843872 0.7083333134651184 0.19586279634985526 0.19505298137664795
0.2857142686843872 0.75 0.19898536386291943 0.19826099276542664
0.2857142686843872 0.7916666865348816 0.20527725390107496 0.20499348640441895
0.2857142686843872 0.8333333134651184 0.21694561860009492 0.21591556072235107
0.2857142686843872 0.875 0.23214785620436706 0.23175647854804993
0.2857142686843872 0.9166666865348816 0.25270792873276354 0.2534295618534088
0.2857142686843872 0.9583333134651184 0.28341740082864303 0.2820467948913574
0.2857142686843872 1.0 0.31873371571567166 0.31876295804977417
0.3265306055545807 0.0 0.33443704624253257 0.3355428874492645
0.3265306055545807 0.0416666679084301 0.29887110721118443 0.29836806654930115
0.3265306055545807 0.0833333358168602 0.26815408943645974 0.2695677578449249
0.3265306055545807 0.125 0.2478362695139766 0.24808013439178467
0.3265306055545807 0.1666666716337204 0.2331302929181682 0.23282954096794128
0.3265306055545807 0.2083333432674408 0.22236271680651878 0.22286444902420044
0.3265306055545807 0.25 0.21721515904904382 0.21738949418067932
0.3265306055545807 0.2916666865348816 0.21557997959116051 0.21569031476974487
0.3265306055545807 0.3333333432674408 0.21703403059433254 0.21697792410850525
0.3265306055545807 0.375 0.2202187570456151 0.22022157907485962
0.3265306055545807 0.4166666865348816 0.2239682758900856 0.22410565614700317
0.3265306055545807 0.4583333432674408 0.22730784114648533 0.22720888257026672
0.3265306055545807 0.5 0.22839519295158078 0.2283865213394165
0.3265306055545807 0.5416666269302368 0.22730520334472729 0.22717857360839844
0.3265306055545807 0.5833333134651184 0.2239635002732292 0.22399064898490906
0.3265306055545807 0.625 0.22021317777778288 0.2199428677558899
0.3265306055545807 0.6666666269302368 0.2170285737816151 0.21648135781288147
0.3265306055545807 0.7083333134651184 0.21557532145970015 0.21499869227409363
0.3265306055545807 0.75 0.21721139647339208 0.21660247445106506
0.3265306055545807 0.7916666865348816 0.22235978133875484 0.22210648655891418
0.3265306055545807 0.8333333134651184 0.2331280908041016 0.23216092586517334
0.3265306055545807 0.875 0.24783453257929158 0.2474381923675537
0.3265306055545807 0.9166666865348816 0.2681526637672728 0.2687934637069702
0.3265306055545807 0.9583333134651184 0.2988698771092266 0.2973193824291229
0.3265306055545807 1.0 0.3344358698497133 0.33423298597335815
0.36734694242477417 0.0 0.34092245079784683 0.3412576913833618
0.36734694242477417 0.0416666679084301 0.3065419259281875 0.3054538667201996
0.36734694242477417 0.0833333358168602 0.2771038549620788 0.2780168652534485
0.36734694242477417 0.125 0.25793598602120527 0.25783485174179077
0.36734694242477417 0.1666666716337204 0.24445917171352327 0.24389299750328064
0.36734694242477417 0.2083333432674408 0.23526258552451362 0.23537158966064453
0.36734694242477417 0.25 0.2317676491762531 0.23163408041000366
0.36734694242477417 0.2916666865348816 0.2320918250670351 0.2320830225944519
0.36734694242477417 0.3333333432674408 0.236109563542329 0.2359197735786438
0.36734694242477417 0.375 0.24174020499800686 0.24190273880958557
0.36734694242477417 0.4166666865348816 0.2477747138119799 0.24829238653182983
0.36734694242477417 0.4583333432674408 0.252964594078809 0.2531413435935974
0.36734694242477417 0.5 0.254634097100449 0.2548938989639282
0.36734694242477417 0.5416666269302368 0.25296165232919426 0.25298184156417847
0.36734694242477417 0.5833333134651184 0.2477694452482747 0.24803820252418518
0.36734694242477417 0.625 0.2417341501848321 0.241607666015625
0.36734694242477417 0.6666666269302368 0.2361037761673236 0.23557522892951965
0.36734694242477417 0.7083333134651184 0.23208704630795648 0.2316494882106781
0.36734694242477417 0.75 0.23176392138118107 0.2311050295829773
0.36734694242477417 0.7916666865348816 0.23525978498334948 0.23479321599006653
0.36734694242477417 0.8333333134651184 0.2444571591854668 0.24330851435661316
0.36734694242477417 0.875 0.25793445476088994 0.2572237551212311
0.36734694242477417 0.9166666865348816 0.27710263669528196 0.2772853672504425
0.36734694242477417 0.9583333134651184 0.30654090032281717 0.3045153021812439
0.36734694242477417 1.0 0.3409214775399178 0.34013161063194275
0.40816324949264526 0.0 0.3373379580299659 0.3374279737472534
0.40816324949264526 0.0416666679084301 0.3059416512641065 0.3045322597026825
0.40816324949264526 0.0833333358168602 0.2794006263972818 0.279651403427124
0.40816324949264526 0.125 0.26252831366664947 0.2616918683052063
0.40816324949264526 0.1666666716337204 0.25120657166530197 0.24975550174713135
0.40816324949264526 0.2083333432674408 0.24442221539338552 0.24320021271705627
0.40816324949264526 0.25 0.2432044596540561 0.24158260226249695
0.40816324949264526 0.2916666865348816 0.2460469474765589 0.2444557547569275
0.40816324949264526 0.3333333432674408 0.2532254740199275 0.2510411739349365
0.40816324949264526 0.375 0.26181530620273696 0.2599129378795624
0.40816324949264526 0.4166666865348816 0.27059753116575225 0.26893097162246704
0.40816324949264526 0.4583333432674408 0.27800978562556095 0.27563098073005676
0.40816324949264526 0.5 0.28037885046301875 0.27803364396095276
0.40816324949264526 0.5416666269302368 0.2780070979039545 0.27543824911117554
0.40816324949264526 0.5833333134651184 0.2705927609086453 0.2686827778816223
0.40816324949264526 0.625 0.261809900458462 0.2597348392009735
0.40816324949264526 0.6666666269302368 0.2532204107256694 0.25092408061027527
0.40816324949264526 0.7083333134651184 0.24604289364276172 0.24428600072860718
0.40816324949264526 0.75 0.2432014050963934 0.24125924706459045
0.40816324949264526 0.7916666865348816 0.24442001259735083 0.24270734190940857
0.40816324949264526 0.8333333134651184 0.2512050689619242 0.24914157390594482
0.40816324949264526 0.875 0.26252722554997604 0.2609919011592865
0.40816324949264526 0.9166666865348816 0.2793998016011432 0.2788551449775696
0.40816324949264526 0.9583333134651184 0.30594098578357104 0.3036295175552368
0.40816324949264526 1.0 0.33733733544627936 0.33647212386131287
0.44897958636283875 0.0 0.32498338741697885 0.3245263695716858
0.44897958636283875 0.0416666679084301 0.2975860593409268 0.29594576358795166
0.44897958636283875 0.0833333358168602 0.27478774354792074 0.2746959924697876
0.44897958636283875 0.125 0.26072925061532193 0.25977107882499695
0.44897958636283875 0.1666666716337204 0.2518769720411442 0.2504279613494873
0.44897958636283875 0.2083333432674408 0.24762056868448834 0.2462197244167328
0.44897958636283875 0.25 0.24856902700097824 0.24690058827400208
0.44897958636283875 0.2916666865348816 0.25361781346794743 0.2521705627441406
0.44897958636283875 0.3333333432674408 0.2633908529785589 0.2612896263599396
0.44897958636283875 0.375 0.27431210651867954 0.27270427346229553
0.44897958636283875 0.4166666865348816 0.2852132275705458 0.2839760482311249
0.44897958636283875 0.4583333432674408 0.2943200962991356 0.29225465655326843
0.44897958636283875 0.5 0.29722035640991773 0.29523470997810364
0.44897958636283875 0.5416666269302368 0.29431832099074073 0.29209548234939575
0.44897958636283875 0.5833333134651184 0.28521009651779766 0.28381332755088806
0.44897958636283875 0.625 0.27430859445246575 0.2726709246635437
0.44897958636283875 0.6666666269302368 0.263387615001528 0.2613496482372284
0.44897958636283875 0.7083333134651184 0.25361528962882934 0.25215211510658264
0.44897958636283875 0.75 0.24856719053380952 0.24664747714996338
0.44897958636283875 0.7916666865348816 0.24761930806928162 0.24569463729858398
0.44897958636283875 0.8333333134651184 0.2518761773987895 0.24969753623008728
0.44897958636283875 0.875 0.26072872816531695 0.2589232921600342
0.44897958636283875 0.9166666865348816 0.27478739226704524 0.2737851142883301
0.44897958636283875 0.9583333134651184 0.297585810914443 0.2950195074081421
0.44897958636283875 1.0 0.32498316658939197 0.323672354221344
0.4897959232330322 0.0 0.3048204968322702 0.30338144302368164
0.4897959232330322 0.0416666679084301 0.2825217977134632 0.28032878041267395
0.4897959232330322 0.0833333358168602 0.26439902320333203 0.2636285722255707
0.4897959232330322 0.125 0.2537439793228773 0.25241512060165405
0.4897959232330322 0.1666666716337204 0.2477398469305874 0.24611914157867432
0.4897959232330322 0.2083333432674408 0.24618459249664748 0.2444761097431183
0.4897959232330322 0.25 0.24921505307400438 0.24740570783615112
0.4897959232330322 0.2916666865348816 0.25614740890898796 0.2547294497489929
0.4897959232330322 0.3333333432674408 0.26787689440279844 0.2657528519630432
0.4897959232330322 0.375 0.28038583355926866 0.2788793742656708
0.4897959232330322 0.4166666865348816 0.2926364033743074 0.2915492057800293
0.4897959232330322 0.4583333432674408 0.30277781237228724 0.3007599711418152
0.4897959232330322 0.5 0.30599626121682943 0.304080605506897
0.4897959232330322 0.5416666269302368 0.3027774634314145 0.3006361126899719
0.4897959232330322 0.5833333134651184 0.2926358013007302 0.29144102334976196
0.4897959232330322 0.625 0.28038518484150554 0.2788962423801422
0.4897959232330322 0.6666666269302368 0.26787633935725247 0.26583415269851685
0.4897959232330322 0.7083333134651184 0.25614704338632993 0.2546877861022949
0.4897959232330322 0.75 0.2492148630715771 0.24708274006843567
0.4897959232330322 0.7916666865348816 0.24618454955772556 0.2438482940196991
0.4897959232330322 0.8333333134651184 0.24773992511098386 0.24527928233146667
0.4897959232330322 0.875 0.2537441302447523 0.25147727131843567
0.4897959232330322 0.9166666865348816 0.2643992211799121 0.26266705989837646
0.4897959232330322 0.9583333134651184 0.2825220246668627 0.2794051170349121
0.4897959232330322 1.0 0.3048207316727407 0.3025934398174286
0.5306122303009033 0.0 0.27794314837858164 0.2752041518688202
0.5306122303009033 0.0416666679084301 0.2616381063371597 0.2586413621902466
0.5306122303009033 0.0833333358168602 0.24893185870000722 0.24721196293830872
0.5306122303009033 0.125 0.2421238594740971 0.24022164940834045
0.5306122303009033 0.1666666716337204 0.2392135861802682 0.2372705042362213
0.5306122303009033 0.2083333432674408 0.2403839960269723 0.238246351480484
0.5306122303009033 0.25 0.24526474344235083 0.2431870996952057
0.5306122303009033 0.2916666865348816 0.25357982960137854 0.2519993782043457
0.5306122303009033 0.3333333432674408 0.26637891352528487 0.2640484869480133
0.5306122303009033 0.375 0.2794759734410921 0.2777954339981079
0.5306122303009033 0.4166666865348816 0.2920526860641204 0.2907685935497284
0.5306122303009033 0.4583333432674408 0.30235370755135027 0.3000878095626831
0.5306122303009033 0.5 0.30560804526872215 0.30343449115753174
0.5306122303009033 0.5416666269302368 0.3023549046482633 0.2999703288078308
0.5306122303009033 0.5833333134651184 0.29205481990411525 0.2906478941440582
0.5306122303009033 0.625 0.2794784132355055 0.2777523100376129
0.5306122303009033 0.6666666269302368 0.2663812402362563 0.2640191912651062
0.5306122303009033 0.7083333134651184 0.25358176798711585 0.2518165111541748
0.5306122303009033 0.75 0.2452662994841179 0.24272730946540833
0.5306122303009033 0.7916666865348816 0.24038523550717852 0.23752301931381226
0.5306122303009033 0.8333333134651184 0.2392145770127297 0.23639753460884094
0.5306122303009033 0.875 0.24212471095243596 0.23931166529655457
0.5306122303009033 0.9166666865348816 0.2489326261364633 0.24631837010383606
0.5306122303009033 0.9583333134651184 0.26163882511598163 0.25779253244400024
0.5306122303009033 1.0 0.27794385438772623 0.27448296546936035
0.5714285373687744 0.0 0.24570013959290343 0.24155521392822266
0.5714285373687744 0.0416666679084301 0.23604550040859457 0.23214218020439148
0.5714285373687744 0.0833333358168602 0.22928338795452038 0.22646528482437134
0.5714285373687744 0.125 0.22661721458082312 0.22401541471481323
0.5714285373687744 0.1666666716337204 0.22693117150375078 0.2245507836341858
0.5714285373687744 0.2083333432674408 0.23075903373600748 0.22807464003562927
0.5714285373687744 0.25 0.2372087049416389 0.23470529913902283
0.5714285373687744 0.2916666865348816 0.2463882060064052 0.24440810084342957
0.5714285373687744 0.3333333432674408 0.25938892776378114 0.25663062930107117
0.5714285373687744 0.375 0.272119889204704 0.26999178528785706
0.5714285373687744 0.4166666865348816 0.28405756160870893 0.2822909951210022
0.5714285373687744 0.4583333432674408 0.2936983522283025 0.2909988760948181
0.5714285373687744 0.5 0.2967246702659741 0.2941023111343384
0.5714285373687744 0.5416666269302368 0.29370075655114575 0.29087740182876587
0.5714285373687744 0.5833333134651184 0.2840618461716398 0.28214022517204285
0.5714285373687744 0.625 0.27212478226557973 0.26987454295158386
0.5714285373687744 0.6666666269302368 0.25939357795465606 0.2564851641654968
0.5714285373687744 0.7083333134651184 0.24639204402107373 0.24409666657447815
0.5714285373687744 0.75 0.2372117359770582 0.2341465950012207
0.5714285373687744 0.7916666865348816 0.23076138584545386 0.2273179590702057
0.5714285373687744 0.8333333134651184 0.22693297808010943 0.22372519969940186
0.5714285373687744 0.875 0.22661870701188055 0.2232191264629364
0.5714285373687744 0.9166666865348816 0.2292846860244463 0.22570714354515076
0.5714285373687744 0.9583333134651184 0.23604668345461183 0.2313964068889618
0.5714285373687744 1.0 0.24570129206048694 0.24087029695510864
0.6122449040412903 0.0 0.2096401498247052 0.20420056581497192
0.6122449040412903 0.0416666679084301 0.20703005714093078 0.20227697491645813
0.6122449040412903 0.0833333358168602 0.20651262124882303 0.20257946848869324
0.6122449040412903 0.125 0.20813603763709562 0.2047918736934662
0.6122449040412903 0.1666666716337204 0.2117087222174298 0.20882177352905273
0.6122449040412903 0.2083333432674408 0.21808638790921325 0.21476876735687256
0.6122449040412903 0.25 0.22586300458460365 0.2228071093559265
0.6122449040412903 0.2916666865348816 0.23551415500390682 0.23295381665229797
0.6122449040412903 0.3333333432674408 0.24810252942173006 0.24476349353790283
0.6122449040412903 0.375 0.2598207825589613 0.2570868730545044
0.6122449040412903 0.4166666865348816 0.2704826454412329 0.268106609582901
0.6122449040412903 0.4583333432674408 0.27893160241885423 0.27576953172683716
0.6122449040412903 0.5 0.2815600888480983 0.2784748077392578
0.6122449040412903 0.5416666269302368 0.2789345960918313 0.2756536602973938
0.6122449040412903 0.5833333134651184 0.2704880090853688 0.2679547667503357
0.6122449040412903 0.625 0.25982695784319815 0.2569519877433777
0.6122449040412903 0.6666666269302368 0.24810846361773736 0.2445853352546692
0.6122449040412903 0.7083333134651184 0.23551912756652468 0.23261108994483948
0.6122449040412903 0.75 0.2258669872641292 0.22224166989326477
0.6122449040412903 0.7916666865348816 0.21808951600890464 0.2140502631664276
0.6122449040412903 0.8333333134651184 0.21171114482549416 0.2080855667591095
0.6122449040412903 0.875 0.20813804285924625 0.20411759614944458
0.6122449040412903 0.9166666865348816 0.2065143623935649 0.2019340693950653
0.6122449040412903 0.9583333134651184 0.2070316392620285 0.20158082246780396
0.6122449040412903 1.0 0.20964168926341614 0.2034648358821869
0.6530612111091614 0.0 0.16660728807766545 0.16494399309158325
0.6530612111091614 0.0416666679084301 0.17204805909993873 0.1705435812473297
0.6530612111091614 0.0833333358168602 0.1786227344244489 0.17681404948234558
0.6530612111091614 0.125 0.18506756067435098 0.18364152312278748
0.6530612111091614 0.1666666716337204 0.19224237080503523 0.1910819411277771
0.6530612111091614 0.2083333432674408 0.20134563924265952 0.19932737946510315
0.6530612111091614 0.25 0.2104276936700467 0.20859968662261963
0.6530612111091614 0.2916666865348816 0.22037398677191536 0.21897318959236145
0.6530612111091614 0.3333333432674408 0.23219825881173742 0.23012775182724
0.6530612111091614 0.375 0.242509805498724 0.24117526412010193
0.6530612111091614 0.4166666865348816 0.25150450484904274 0.25072041153907776
0.6530612111091614 0.4583333432674408 0.25843658907762374 0.2572142779827118
0.6530612111091614 0.5 0.26056388636947786 0.25947627425193787
0.6530612111091614 0.5416666269302368 0.25843952732389724 0.2571061849594116
0.6530612111091614 0.5833333134651184 0.2515098247953526 0.25058403611183167
0.6530612111091614 0.625 0.24251602893606464 0.24106210470199585
0.6530612111091614 0.6666666269302368 0.23220437337124258 0.22997760772705078
0.6530612111091614 0.7083333134651184 0.22037927423463458 0.21866866946220398
0.6530612111091614 0.75 0.21043206403711193 0.20808455348014832
0.6530612111091614 0.7916666865348816 0.2013491808327031 0.19867271184921265
0.6530612111091614 0.8333333134651184 0.1922451979212718 0.19042101502418518
0.6530612111091614 0.875 0.1850699477436921 0.18303993344306946
0.6530612111091614 0.9166666865348816 0.17862483417759453 0.17620885372161865
0.6530612111091614 0.9583333134651184 0.17204998172536853 0.16981178522109985
0.6530612111091614 1.0 0.1666091625598098 0.16406384110450745
0.6938775181770325 0.0 0.12809176955038343 0.12553152441978455
0.6938775181770325 0.0416666679084301 0.14048906102809458 0.1384229063987732
0.6938775181770325 0.0833333358168602 0.15316504403801406 0.15044668316841125
0.6938775181770325 0.125 0.16373043428177012 0.16169890761375427
0.6938775181770325 0.1666666716337204 0.1739563339755565 0.17239192128181458
0.6938775181770325 0.2083333432674408 0.185337602617243 0.18281272053718567
0.6938775181770325 0.25 0.19548871464776324 0.19324007630348206
0.6938775181770325 0.2916666865348816 0.20566176900217056 0.20380985736846924
0.6938775181770325 0.3333333432674408 0.21685518559933237 0.21433228254318237
0.6938775181770325 0.375 0.22603794421115 0.22418126463890076
0.6938775181770325 0.4166666865348816 0.23371439792525822 0.2323572337627411
0.6938775181770325 0.4583333432674408 0.23945869119402166 0.2377724051475525
0.6938775181770325 0.5 0.24119531869463218 0.2396230399608612
0.6938775181770325 0.5416666269302368 0.23946118567307115 0.23765671253204346
0.6938775181770325 0.5833333134651184 0.2337189738746488 0.23221293091773987
0.6938775181770325 0.625 0.2260434034387767 0.224066823720932
0.6938775181770325 0.6666666269302368 0.2168606954540648 0.21419531106948853
0.6938775181770325 0.7083333134651184 0.20566671527570102 0.20353037118911743
0.6938775181770325 0.75 0.19549295666395228 0.192754328250885
0.6938775181770325 0.7916666865348816 0.18534116813309734 0.18218180537223816
0.6938775181770325 0.8333333134651184 0.17395928499716823 0.17174264788627625
0.6938775181770325 0.875 0.16373298932351796 0.1610921323299408
0.6938775181770325 0.9166666865348816 0.15316733166651678 0.14980843663215637
0.6938775181770325 0.9583333134651184 0.14049117972808278 0.1376059651374817
0.6938775181770325 1.0 0.12809384174367855 0.12448844313621521
0.7346938848495483 0.0 0.0911168116670637 0.08766084909439087
0.7346938848495483 0.0416666679084301 0.10999642277682371 0.107369065284729
0.7346938848495483 0.0833333358168602 0.12834060512040738 0.1247408390045166
0.7346938848495483 0.125 0.14271885754456368 0.14008685946464539
0.7346938848495483 0.1666666716337204 0.15575729430631247 0.15378549695014954
0.7346938848495483 0.2083333432674408 0.16923750981745866 0.16622868180274963
0.7346938848495483 0.25 0.18039339818356226 0.17775994539260864
0.7346938848495483 0.2916666865348816 0.19083737123366876 0.1885817050933838
0.7346938848495483 0.3333333432674408 0.20159174128455468 0.19863224029541016
0.7346938848495483 0.375 0.20992336878081608 0.20751944184303284
0.7346938848495483 0.4166666865348816 0.21659861239103026 0.2145853042602539
0.7346938848495483 0.4583333432674408 0.22144240080081617 0.21912190318107605
0.7346938848495483 0.5 0.22288342212241113 0.22063037753105164
0.7346938848495483 0.5416666269302368 0.22144434119693512 0.2189781665802002
0.7346938848495483 0.5833333134651184 0.2166022301439334 0.2143923044204712
0.7346938848495483 0.625 0.20992778938424053 0.20735064148902893
0.7346938848495483 0.6666666269302368 0.2015963479343751 0.1984473168849945
0.7346938848495483 0.7083333134651184 0.19084168938886753 0.18826252222061157
0.7346938848495483 0.75 0.18039725799445086 0.1772354245185852
0.7346938848495483 0.7916666865348816 0.16924088707536375 0.1655464470386505
0.7346938848495483 0.8333333134651184 0.15576020216086117 0.15306848287582397
0.7346938848495483 0.875 0.14272144600052633 0.1394023895263672
0.7346938848495483 0.9166666865348816 0.12834296940630266 0.12402412295341492
0.7346938848495483 0.9583333134651184 0.10999864156889226 0.10647371411323547
0.7346938848495483 1.0 0.0911189898412384 0.08653005957603455
0.7755101919174194 0.0 0.057297621438566246 0.05299636721611023
0.7755101919174194 0.0416666679084301 0.08192852482139103 0.07879480719566345
0.7755101919174194 0.0833333358168602 0.10528754313925053 0.1009097695350647
0.7755101919174194 0.125 0.12302758944739559 0.11986646056175232
0.7755101919174194 0.1666666716337204 0.13853953648141504 0.13621088862419128
0.7755101919174194 0.2083333432674408 0.15387084483428837 0.15044790506362915
0.7755101919174194 0.25 0.16593819762487888 0.16299420595169067
0.7755101919174194 0.2916666865348816 0.17668969567776324 0.17412114143371582
0.7755101919174194 0.3333333432674408 0.18720144728566723 0.18388214707374573
0.7755101919174194 0.375 0.19496503330178552 0.1920815110206604
0.7755101919174194 0.4166666865348816 0.20095740181085622 0.19833195209503174
0.7755101919174194 0.4583333432674408 0.20518544218218768 0.2022177278995514
0.7755101919174194 0.5 0.2064244805042382 0.203467458486557
0.7755101919174194 0.5416666269302368 0.20518688128261442 0.20203450322151184
0.7755101919174194 0.5833333134651184 0.20096013457648826 0.19806474447250366
0.7755101919174194 0.625 0.19496846219631253 0.19181835651397705
0.7755101919174194 0.6666666269302368 0.18720514594431026 0.1835992932319641
0.7755101919174194 0.7083333134651184 0.17669332290810952 0.17370820045471191
0.7755101919174194 0.75 0.16594157891291775 0.1623755693435669
0.7755101919174194 0.7916666865348816 0.15387392411553366 0.14965981245040894
0.7755101919174194 0.8333333134651184 0.13854229335170198 0.13537287712097168
0.7755101919174194 0.875 0.12303011206791718 0.11906298995018005
0.7755101919174194 0.9166666865348816 0.1052898940399059 0.10010495781898499
0.7755101919174194 0.9583333134651184 0.0819307609326146 0.07786610722541809
0.7755101919174194 1.0 0.057299825021547644 0.05189412832260132
0.8163264989852905 0.0 0.02808075631366543 0.023109614849090576
0.8163264989852905 0.0416666679084301 0.05750286002170641 0.05401045083999634
0.8163264989852905 0.0833333358168602 0.08502389602188071 0.08005902171134949
0.8163264989852905 0.125 0.10554027572331444 0.10198301076889038
0.8163264989852905 0.1666666716337204 0.12308489796634149 0.12048956751823425
0.8163264989852905 0.2083333432674408 0.1399338297438851 0.1361960470676422
0.8163264989852905 0.25 0.1527583592836775 0.14959341287612915
0.8163264989852905 0.2916666865348816 0.16379590455320428 0.16101902723312378
0.8163264989852905 0.3333333432674408 0.17418763357425263 0.1706247329711914
0.8163264989852905 0.375 0.1815895163379564 0.1783669888973236
0.8163264989852905 0.4166666865348816 0.18713819017879704 0.18406108021736145
0.8163264989852905 0.4583333432674408 0.19096592475360052 0.18750175833702087
0.8163264989852905 0.5 0.1920738947280215 0.1885727345943451
0.8163264989852905 0.5416666269302368 0.1909669767528191 0.18728360533714294
0.8163264989852905 0.5833333134651184 0.18714022565262015 0.18372559547424316
0.8163264989852905 0.625 0.18159213910154995 0.178010493516922
0.8163264989852905 0.6666666269302368 0.17419055993475455 0.1702398657798767
0.8163264989852905 0.7083333134651184 0.1637989008027477 0.16050797700881958
0.8163264989852905 0.75 0.1527612641112307 0.14887642860412598
0.8163264989852905 0.7916666865348816 0.13993657464402026 0.13529974222183228
0.8163264989852905 0.8333333134651184 0.12308744558836757 0.11953136324882507
0.8163264989852905 0.875 0.10554266732684016 0.10106697678565979
0.8163264989852905 0.9166666865348816 0.08502616723881373 0.07918927073478699
0.8163264989852905 0.9583333134651184 0.05750504805043962 0.05310320854187012
0.8163264989852905 1.0 0.02808292037988828 0.022134721279144287
0.8571428656578064 0.0 0.004685945069881894 -0.0006330311298370361
0.8571428656578064 0.0416666679084301 0.03774719875300028 0.034135133028030396
0.8571428656578064 0.0833333358168602 0.06840769051928473 0.06312355399131775
0.8571428656578064 0.125 0.09099701684381298 0.08722749352455139
0.8571428656578064 0.1666666716337204 0.11003897478628741 0.10729745030403137
0.8571428656578064 0.2083333432674408 0.12798373694387208 0.12405252456665039
0.8571428656578064 0.25 0.14133850335071474 0.13805130124092102
0.8571428656578064 0.2916666865348816 0.15256360072775765 0.14968901872634888
0.8571428656578064 0.3333333432674408 0.16285762899694417 0.15919232368469238
0.8571428656578064 0.375 0.1700036260076328 0.16662797331809998
0.8571428656578064 0.4166666865348816 0.17524867348057285 0.17195352911949158
0.8571428656578064 0.4583333432674408 0.17880777666504186 0.17510387301445007
0.8571428656578064 0.5 0.17982862779620923 0.1760602593421936
0.8571428656578064 0.5416666269302368 0.1788085529982618 0.1748666763305664
0.8571428656578064 0.5833333134651184 0.175250201826375 0.1715780794620514
0.8571428656578064 0.625 0.1700056436114806 0.16621258854866028
0.8571428656578064 0.6666666269302368 0.16285994944290916 0.1587432324886322
0.8571428656578064 0.7083333134651184 0.15256606878596002 0.14912226796150208
0.8571428656578064 0.75 0.14134097962561967 0.13728639483451843
0.8571428656578064 0.7916666865348816 0.1279861535842503 0.12310478091239929
0.8571428656578064 0.8333333134651184 0.11004128981600268 0.10627773404121399
0.8571428656578064 0.875 0.09099924000511475 0.08625677227973938
0.8571428656578064 0.9166666865348816 0.0684098377097608 0.06224322319030762
0.8571428656578064 0.9583333134651184 0.03774929122179117 0.03330463171005249
0.8571428656578064 1.0 0.004688021462122348 -0.0014275014400482178
0.8979591727256775 0.0 -0.013507901705407778 -0.017176687717437744
0.8979591727256775 0.0416666679084301 0.02208945225649437 0.02002936601638794
0.8979591727256775 0.0833333358168602 0.0548970502317856 0.050817787647247314
0.8979591727256775 0.125 0.07886156599956266 0.07620543241500854
0.8979591727256775 0.1666666716337204 0.09885092801294404 0.09715193510055542
0.8979591727256775 0.2083333432674408 0.11742753540857259 0.11445587873458862
0.8979591727256775 0.25 0.1310231261872467 0.12872886657714844
0.8979591727256775 0.2916666865348816 0.1422501962339968 0.14040794968605042
0.8979591727256775 0.3333333432674408 0.15234459030875866 0.14977127313613892
0.8979591727256775 0.375 0.15921700686386592 0.1569603979587555
0.8979591727256775 0.4166666865348816 0.1641811290613545 0.16202309727668762
0.8979591727256775 0.4583333432674408 0.16750753884306488 0.1649782955646515
0.8979591727256775 0.5 0.16845500496654586 0.16586634516716003
0.8979591727256775 0.5416666269302368 0.16750810544223643 0.16474467515945435
0.8979591727256775 0.5833333134651184 0.1641822628776447 0.16164681315422058
0.8979591727256775 0.625 0.15921853798075147 0.1565394401550293
0.8979591727256775 0.6666666269302368 0.1523464016233 0.14931994676589966
0.8979591727256775 0.7083333134651184 0.14225219197405892 0.13985547423362732
0.8979591727256775 0.75 0.13102519338670723 0.12799757719039917
0.8979591727256775 0.7916666865348816 0.11742961456408682 0.11354860663414001
0.8979591727256775 0.8333333134651184 0.09885298014988525 0.09616714715957642
0.8979591727256775 0.875 0.07886357991647769 0.07527121901512146
0.8979591727256775 0.9166666865348816 0.05489902724317561 0.050006598234176636
0.8979591727256775 0.9583333134651184 0.022091400509053206 0.019333243370056152
0.8979591727256775 1.0 -0.013505962198242662 -0.0177687406539917
0.9387754797935486 0.0 -0.021774003599367292 -0.02584967017173767
0.9387754797935486 0.0416666679084301 0.014590875493928837 0.012245714664459229
0.9387754797935486 0.0833333358168602 0.04798271473250119 0.0436079204082489
0.9387754797935486 0.125 0.07225015671076918 0.06931832432746887
0.9387754797935486 0.1666666716337204 0.09236608290989931 0.09040060639381409
0.9387754797935486 0.2083333432674408 0.11090643431350976 0.1077001690864563
0.9387754797935486 0.25 0.12434171996191937 0.12185987830162048
0.9387754797935486 0.2916666865348816 0.13532098639016263 0.13333958387374878
0.9387754797935486 0.3333333432674408 0.14507824759166174 0.1424461305141449
0.9387754797935486 0.375 0.15164550796289974 0.1493622064590454
0.9387754797935486 0.4166666865348816 0.1563448101353276 0.15418699383735657
0.9387754797935486 0.4583333432674408 0.15947064468897407 0.15698745846748352
0.9387754797935486 0.5 0.16035734091739767 0.15783050656318665
0.9387754797935486 0.5416666269302368 0.15947108489375994 0.15677812695503235
0.9387754797935486 0.5833333134651184 0.15634570114813928 0.153848797082901
0.9387754797935486 0.625 0.1516467304473128 0.1489851176738739
0.9387754797935486 0.6666666269302368 0.14507972268396108 0.14205193519592285
0.9387754797935486 0.7083333134651184 0.13532265262261337 0.13287007808685303
0.9387754797935486 0.75 0.12434348541229927 0.12124204635620117
0.9387754797935486 0.7916666865348816 0.11090824887722547 0.10692629218101501
0.9387754797935486 0.8333333134651184 0.0923679132471706 0.08955448865890503
0.9387754797935486 0.875 0.07225198184214708 0.06852537393569946
0.9387754797935486 0.9166666865348816 0.04798452815972819 0.042955875396728516
0.9387754797935486 0.9583333134651184 0.01459267746778866 0.011744678020477295
0.9387754797935486 1.0 -0.021772205401426794 -0.026223570108413696
0.9795918464660645 0.0 -0.02230986856496782 -0.026378393173217773
0.9795918464660645 0.0416666679084301 0.013386998848326384 0.01101800799369812
0.9795918464660645 0.0833333358168602 0.04608172193965021 0.041704028844833374
0.9795918464660645 0.125 0.06975867431028694 0.0667581558227539
0.9795918464660645 0.1666666716337204 0.08930028235192629 0.08721554279327393
0.9795918464660645 0.2083333432674408 0.10720873250436908 0.10393157601356506
0.9795918464660645 0.25 0.12009788301936025 0.11755350232124329
0.9795918464660645 0.2916666865348816 0.13055560663478408 0.12854167819023132
0.9795918464660645 0.3333333432674408 0.13977579706648027 0.13720965385437012
0.9795918464660645 0.375 0.14593347374133128 0.14375698566436768
0.9795918464660645 0.4166666865348816 0.15031174329297708 0.14830619096755981
0.9795918464660645 0.4583333432674408 0.15320959449103053 0.15094494819641113
0.9795918464660645 0.5 0.1540293549801596 0.15174704790115356
0.9795918464660645 0.5416666269302368 0.153209944785919 0.15077325701713562
0.9795918464660645 0.5833333134651184 0.1503124586392981 0.14803200960159302
0.9795918464660645 0.625 0.14593446742987945 0.14345908164978027
0.9795918464660645 0.6666666269302368 0.1397770148327229 0.13691258430480957
0.9795918464660645 0.7083333134651184 0.13055700954485247 0.12819990515708923
0.9795918464660645 0.75 0.12009939663597392 0.11710265278816223
0.9795918464660645 0.7916666865348816 0.10721031568982334 0.10335734486579895
0.9795918464660645 0.8333333134651184 0.08930190785704334 0.08658593893051147
0.9795918464660645 0.875 0.06976031659410072 0.06618863344192505
0.9795918464660645 0.9166666865348816 0.04608337005311654 0.04128769040107727
0.9795918464660645 0.9583333134651184 0.013388647903723525 0.0107688307762146
0.9795918464660645 1.0 -0.02230821967366151 -0.026514321565628052
1.0204081535339355 0.0 -0.015185011806722501 -0.01887449622154236
1.0204081535339355 0.0416666679084301 0.018432604563663607 0.01627478003501892
1.0204081535339355 0.0833333358168602 0.049168287771324086 0.04506596922874451
1.0204081535339355 0.125 0.07137197866378048 0.06850755214691162
1.0204081535339355 0.1666666716337204 0.08964275065380829 0.08759313821792603
1.0204081535339355 0.2083333432674408 0.10632072911117796 0.1031484603881836
1.0204081535339355 0.25 0.11826813292038676 0.1157936155796051
1.0204081535339355 0.2916666865348816 0.1279143321598096 0.12596914172172546
1.0204081535339355 0.3333333432674408 0.13637312420777062 0.13397562503814697
1.0204081535339355 0.375 0.14199257143926874 0.14000976085662842
1.0204081535339355 0.4166666865348816 0.14597101021753073 0.14419987797737122
1.0204081535339355 0.4583333432674408 0.1485954255313651 0.14663490653038025
1.0204081535339355 0.5 0.14933646060794234 0.14738729596138
1.0204081535339355 0.5416666269302368 0.14859571000225116 0.14650776982307434
1.0204081535339355 0.5833333134651184 0.14597159512961547 0.1440003216266632
1.0204081535339355 0.625 0.14199339176704626 0.13980388641357422
1.0204081535339355 0.6666666269302368 0.13637414175413864 0.13378754258155823
1.0204081535339355 0.7083333134651184 0.12791552269616868 0.1257656216621399
1.0204081535339355 0.75 0.11826943600014758 0.11552175879478455
1.0204081535339355 0.7916666865348816 0.10632211130460814 0.10279417037963867
1.0204081535339355 0.8333333134651184 0.08964419023375664 0.08721065521240234
1.0204081535339355 0.875 0.07137344868030923 0.06820008158683777
1.0204081535339355 0.9166666865348816 0.0491697750626918 0.04492190480232239
1.0204081535339355 0.9583333134651184 0.018434101140944213 0.016306698322296143
1.0204081535339355 1.0 -0.01518351292555444 -0.01875680685043335
1.0612244606018066 0.0 -0.000798182519338588 -0.003804236650466919
1.0612244606018066 0.0416666679084301 0.02940968844635948 0.027656644582748413
1.0612244606018066 0.0833333358168602 0.056994888747218066 0.05341580510139465
1.0612244606018066 0.125 0.07688973084789255 0.07435071468353271
1.0612244606018066 0.1666666716337204 0.09322761679102165 0.0913623571395874
1.0612244606018066 0.2083333432674408 0.10810181768432774 0.10520428419113159
1.0612244606018066 0.25 0.11872366424018961 0.11644366383552551
1.0612244606018066 0.2916666865348816 0.1272715744965091 0.12547972798347473
1.0612244606018066 0.3333333432674408 0.1347403032093096 0.13258421421051025
1.0612244606018066 0.375 0.13968465893857443 0.13793793320655823
1.0612244606018066 0.4166666865348816 0.14317519597072428 0.14165833592414856
1.0612244606018066 0.4583333432674408 0.14547267277840817 0.1438283622264862
1.0612244606018066 0.5 0.14612060114468084 0.14450985193252563
1.0612244606018066 0.5416666269302368 0.14547290766830756 0.14374330639839172
1.0612244606018066 0.5833333134651184 0.14317568149252435 0.14152872562408447
1.0612244606018066 0.625 0.1396853449493925 0.13781508803367615
1.0612244606018066 0.6666666269302368 0.1347411622040678 0.13248872756958008
1.0612244606018066 0.7083333134651184 0.1272725918056766 0.12539002299308777
1.0612244606018066 0.75 0.11872479043673216 0.11632123589515686
1.0612244606018066 0.7916666865348816 0.10810302563692263 0.10503920912742615
1.0612244606018066 0.8333333134651184 0.0932288893778534 0.09120047092437744
1.0612244606018066 0.875 0.07689104152420231 0.07428383827209473
1.0612244606018066 0.9166666865348816 0.056996223567466274 0.05352604389190674
1.0612244606018066 0.9583333134651184 0.029411037758276262 0.027951747179031372
1.0612244606018066 1.0 -0.0007968293359669811 -0.0034441351890563965
1.1020408868789673 0.0 0.020142811313331704 0.018053829669952393
1.1020408868789673 0.0416666679084301 0.045744470976199575 0.04454827308654785
1.1020408868789673 0.0833333358168602 0.06910662971114302 0.0662606954574585
1.1020408868789673 0.125 0.08593904580588807 0.08388972282409668
1.1020408868789673 0.1666666716337204 0.09974524672306044 0.09819349646568298
1.1020408868789673 0.2083333432674408 0.1122945034409035 0.1098209023475647
1.1020408868789673 0.25 0.12123903718964978 0.11925765872001648
1.1020408868789673 0.2916666865348816 0.12842281161686742 0.12684467434883118
1.1020408868789673 0.3333333432674408 0.1346858561728584 0.13281232118606567
1.1020408868789673 0.375 0.1388231759203302 0.13731372356414795
1.1020408868789673 0.4166666865348816 0.14173889524980543 0.14044725894927979
1.1020408868789673 0.4583333432674408 0.1436554309682536 0.14228326082229614
1.1020408868789673 0.5 0.14419552602865773 0.14286816120147705
1.1020408868789673 0.5416666269302368 0.1436556275320029 0.14223134517669678
1.1020408868789673 0.5833333134651184 0.14173930321302625 0.14037221670150757
1.1020408868789673 0.625 0.13882375567875133 0.13724851608276367
1.1020408868789673 0.6666666269302368 0.13468658747550077 0.13277369737625122
1.1020408868789673 0.7083333134651184 0.12842368598118697 0.12681913375854492
1.1020408868789673 0.75 0.12124001384255145 0.11922180652618408
1.1020408868789673 0.7916666865348816 0.11229556027405511 0.10977283120155334
1.1020408868789673 0.8333333134651184 0.09974637028676647 0.09817591309547424
1.1020408868789673 0.875 0.08594021094366361 0.0839838981628418
1.1020408868789673 0.9166666865348816 0.06910782257026 0.06654441356658936
1.1020408868789673 0.9583333134651184 0.04574568121781824 0.04502671957015991
1.1020408868789673 1.0 0.020144026321010797 0.018594413995742798
1.1428571939468384 0.0 0.05030000975414326 0.04564681649208069
1.1428571939468384 0.0416666679084301 0.06951775692054997 0.06610867381095886
1.1428571939468384 0.0833333358168602 0.08705085854554659 0.08291909098625183
1.1428571939468384 0.125 0.09967971702071661 0.09656193852424622
1.1428571939468384 0.1666666716337204 0.11003413524544715 0.10761958360671997
1.1428571939468384 0.2083333432674408 0.11944083086003358 0.11660197377204895
1.1428571939468384 0.25 0.12614095543484222 0.12389349937438965
1.1428571939468384 0.2916666865348816 0.13151811936780305 0.1297609508037567
1.1428571939468384 0.3333333432674408 0.1362020587113484 0.13438278436660767
1.1428571939468384 0.375 0.13929353307844686 0.13787594437599182
1.1428571939468384 0.4166666865348816 0.14147061586712562 0.14031481742858887
1.1428571939468384 0.4583333432674408 0.142900810565308 0.1417490839958191
1.1428571939468384 0.5 0.1433037263454989 0.14221155643463135
1.1428571939468384 0.5416666269302368 0.14290097347702962 0.14171931147575378
1.1428571939468384 0.5833333134651184 0.1414709551751264 0.14026972651481628
1.1428571939468384 0.625 0.13929401767206817 0.13783332705497742
1.1428571939468384 0.6666666269302368 0.13620267386821874 0.13435274362564087
1.1428571939468384 0.7083333134651184 0.1315188609650764 0.12973663210868835
1.1428571939468384 0.75 0.12614179027485306 0.12386497855186462
1.1428571939468384 0.7916666865348816 0.11944174123550831 0.11657541990280151
1.1428571939468384 0.8333333134651184 0.11003511087119042 0.10763677954673767
1.1428571939468384 0.875 0.0996807348612821 0.09669584035873413
1.1428571939468384 0.9166666865348816 0.08705190545193663 0.08324161171913147
1.1428571939468384 0.9583333134651184 0.06951882253261905 0.06663158535957336
1.1428571939468384 1.0 0.05030108057127511 0.04624626040458679
1.1836735010147095 0.0 0.08160866846552786 0.07769647240638733
1.1836735010147095 0.0416666679084301 0.09433225445950906 0.09130474925041199
1.1836735010147095 0.0833333358168602 0.10594880445444106 0.10254794359207153
1.1836735010147095 0.125 0.11432400493888185 0.1116725504398346
1.1836735010147095 0.1666666716337204 0.12119834618536875 0.11905956268310547
1.1836735010147095 0.2083333432674408 0.12745178478948588 0.12505877017974854
1.1836735010147095 0.25 0.13191238352957882 0.12993371486663818
1.1836735010147095 0.2916666865348816 0.13549716355381572 0.13386690616607666
1.1836735010147095 0.3333333432674408 0.1386241264532457 0.13697609305381775
1.1836735010147095 0.375 0.14069053114812696 0.13933634757995605
1.1836735010147095 0.4166666865348816 0.14214710017367846 0.14099270105361938
1.1836735010147095 0.4583333432674408 0.14310462873872 0.1419711410999298
1.1836735010147095 0.5 0.14337449254676274 0.1422877013683319
1.1836735010147095 0.5416666269302368 0.1431047678166502 0.1419486105442047
1.1836735010147095 0.5833333134651184 0.14214739053280587 0.14095014333724976
1.1836735010147095 0.625 0.14069094723830936 0.13927888870239258
1.1836735010147095 0.6666666269302368 0.13862465694317652 0.13690531253814697
1.1836735010147095 0.7083333134651184 0.13549780670545689 0.13377973437309265
1.1836735010147095 0.75 0.13191311143170714 0.129830002784729
1.1836735010147095 0.7916666865348816 0.12745258277750826 0.12495264410972595
1.1836735010147095 0.8333333134651184 0.12119920609813982 0.11899027228355408
1.1836735010147095 0.875 0.11432490580597413 0.11170262098312378
1.1836735010147095 0.9166666865348816 0.10594973403172504 0.10274341702461243
1.1836735010147095 0.9583333134651184 0.09433320277647472 0.09168899059295654
1.1836735010147095 1.0 0.08160962203797568 0.07817775011062622
1.2244898080825806 0.0 0.11567978967842649 0.11274614930152893
1.2244898080825806 0.0416666679084301 0.12140535259056459 0.11895483732223511
1.2244898080825806 0.0833333358168602 0.12665394036125852 0.12417581677436829
1.2244898080825806 0.125 0.1304584739505017 0.12841802835464478
1.2244898080825806 0.1666666716337204 0.13360081492524267 0.13184404373168945
1.2244898080825806 0.2083333432674408 0.13648143260990117 0.13462865352630615
1.2244898080825806 0.25 0.13855378621527403 0.13690432906150818
1.2244898080825806 0.2916666865348816 0.14023308416707425 0.13875854015350342
1.2244898080825806 0.3333333432674408 0.1417103991877608 0.14024391770362854
1.2244898080825806 0.375 0.14269423721966656 0.14138808846473694
1.2244898080825806 0.4166666865348816 0.14339185930233136 0.14220252633094788
1.2244898080825806 0.4583333432674408 0.14385250960350116 0.14268842339515686
1.2244898080825806 0.5 0.14398266121571823 0.14284133911132812
1.2244898080825806 0.5416666269302368 0.1438526290863442 0.14265871047973633
1.2244898080825806 0.5833333134651184 0.14339210921491377 0.14213797450065613
1.2244898080825806 0.625 0.14269459629323497 0.1412813663482666
1.2244898080825806 0.6666666269302368 0.1417108585342201 0.14008879661560059
1.2244898080825806 0.7083333134651184 0.14023364353050544 0.13855329155921936
1.2244898080825806 0.75 0.13855442194674378 0.1366555094718933
1.2244898080825806 0.7916666865348816 0.1364821324619108 0.13435465097427368
1.2244898080825806 0.8333333134651184 0.1336015723628854 0.13157832622528076
1.2244898080825806 0.875 0.13045927006942046 0.12820792198181152
1.2244898080825806 0.9166666865348816 0.126654763936946 0.12407714128494263
1.2244898080825806 0.9583333134651184 0.1214061942608498 0.11900261044502258
1.2244898080825806 1.0 0.11568063645002578 0.11290174722671509
1.2653061151504517 0.0 0.1509752568151947 0.14920958876609802
1.2653061151504517 0.0416666679084301 0.14947687857170838 0.14776501059532166
1.2653061151504517 0.0833333358168602 0.14815635087133242 0.14674121141433716
1.2653061151504517 0.125 0.14725021045385198 0.1459202766418457
1.2653061151504517 0.1666666716337204 0.14655056373508338 0.14524546265602112
1.2653061151504517 0.2083333432674408 0.14596404248863443 0.14470556378364563
1.2653061151504517 0.25 0.14558559827336615 0.14429619908332825
1.2653061151504517 0.2916666865348816 0.1453129910760482 0.14400672912597656
1.2653061151504517 0.3333333432674408 0.14510375227840056 0.14381971955299377
1.2653061151504517 0.375 0.14498288090208816 0.1437133252620697
1.2653061151504517 0.4166666865348816 0.14490720505178717 0.14366161823272705
1.2653061151504517 0.4583333432674408 0.14486217462814754 0.14363694190979004
1.2653061151504517 0.5 0.14485023124635094 0.14361724257469177
1.2653061151504517 0.5416666269302368 0.14486227777060057 0.14358896017074585
1.2653061151504517 0.5833333134651184 0.14490742109796645 0.1435541808605194
1.2653061151504517 0.625 0.1449831919535377 0.1435306966304779
1.2653061151504517 0.6666666269302368 0.1451041512417818 0.1435483694076538
1.2653061151504517 0.7083333134651184 0.14531347858628385 0.1436448097229004
1.2653061151504517 0.75 0.14558615416035833 0.1438545286655426
1.2653061151504517 0.7916666865348816 0.14596465644239268 0.14420205354690552
1.2653061151504517 0.8333333134651184 0.14655123046914395 0.1447029411792755
1.2653061151504517 0.875 0.14725091304439566 0.1453658938407898
1.2653061151504517 0.9166666865348816 0.14815707914216295 0.14621028304100037
1.2653061151504517 0.9583333134651184 0.14947762388221159 0.14730030298233032
1.2653061151504517 1.0 0.15097600694741856 0.14883700013160706
1.3061224222183228 0.0 0.18590342322366046 0.18542882800102234
1.3061224222183228 0.0416666679084301 0.17724224339567538 0.17637991905212402
1.3061224222183228 0.0833333358168602 0.169410103788337 0.1691313087940216
1.3061224222183228 0.125 0.16383644051954274 0.16326430439949036
1.3061224222183228 0.1666666716337204 0.159331939686417 0.1585041880607605
1.3061224222183228 0.2083333432674408 0.15531412443777307 0.15466007590293884
1.3061224222183228 0.25 0.1525122109869883 0.1515861451625824
1.3061224222183228 0.2916666865348816 0.15031114042996901 0.1491730809211731
1.3061224222183228 0.3333333432674408 0.14843721280865635 0.1473327875137329
1.3061224222183228 0.375 0.1472269878693264 0.14599207043647766
1.3061224222183228 0.4166666865348816 0.1463893543402567 0.1450844407081604
1.3061224222183228 0.4583333432674408 0.1458463605420378 0.1445544958114624
1.3061224222183228 0.5 0.14569453805009233 0.14436030387878418
1.3061224222183228 0.5416666269302368 0.14584644989402482 0.1444808542728424
1.3061224222183228 0.5833333134651184 0.1463895417106249 0.14492112398147583
1.3061224222183228 0.625 0.14722725806588327 0.14571639895439148
1.3061224222183228 0.6666666269302368 0.14843756008248984 0.14692792296409607
1.3061224222183228 0.7083333134651184 0.1503115659212463 0.14863622188568115
1.3061224222183228 0.75 0.15251269739977893 0.15092968940734863
1.3061224222183228 0.7916666865348816 0.15531466303216512 0.15389999747276306
1.3061224222183228 0.8333333134651184 0.15933252614100846 0.15764787793159485
1.3061224222183228 0.875 0.1638370597616116 0.1623101532459259
1.3061224222183228 0.9166666865348816 0.1694107466674084 0.16808581352233887
1.3061224222183228 0.9583333134651184 0.17724290203682175 0.1752813458442688
1.3061224222183228 1.0 0.1859040863369986 0.18437063694000244
1.3469388484954834 0.0 0.21888445845354218 0.21973201632499695
1.3469388484954834 0.0416666679084301 0.20340629472768504 0.20342957973480225
1.3469388484954834 0.0833333358168602 0.1893766195692565 0.19022580981254578
1.3469388484954834 0.125 0.17936034561680628 0.17952898144721985
1.3469388484954834 0.1666666716337204 0.1712342269813117 0.17086681723594666
1.3469388484954834 0.2083333432674408 0.16395038344041413 0.16386952996253967
1.3469388484954834 0.25 0.15884186297523747 0.15825802087783813
1.3469388484954834 0.2916666865348816 0.15480552858543997 0.1538272202014923
1.3469388484954834 0.3333333432674408 0.15134763629127568 0.15041908621788025
1.3469388484954834 0.375 0.14910109587980575 0.14790821075439453
1.3469388484954834 0.4166666865348816 0.14753874119722768 0.14619073271751404
1.3469388484954834 0.4583333432674408 0.14652219591029017 0.14518192410469055
1.3469388484954834 0.5 0.14623736446934066 0.14482128620147705
1.3469388484954834 0.5416666269302368 0.1465222735058167 0.14507940411567688
1.3469388484954834 0.5833333134651184 0.14753890405661313 0.14596641063690186
1.3469388484954834 0.625 0.14910133102246753 0.14753514528274536
1.3469388484954834 0.6666666269302368 0.15134793899526994 0.14987757802009583
1.3469388484954834 0.7083333134651184 0.15480590024672503 0.1531158685684204
1.3469388484954834 0.75 0.1588422887001268 0.15739110112190247
1.3469388484954834 0.7916666865348816 0.16395085577633775 0.16285818815231323
1.3469388484954834 0.8333333134651184 0.1712347423603856 0.169703871011734
1.3469388484954834 0.875 0.1793608906693392 0.17817911505699158
1.3469388484954834 0.9166666865348816 0.18937718611891471 0.18865463137626648
1.3469388484954834 0.9583333134651184 0.20340687566547938 0.20165914297103882
1.3469388484954834 1.0 0.2188850434818163 0.21791431307792664
1.3877551555633545 0.0 0.2517939487689048 0.2504996359348297
1.3877551555633545 0.0416666679084301 0.22939644680132934 0.22758862376213074
1.3877551555633545 0.0833333358168602 0.20907305902851617 0.20894011855125427
1.3877551555633545 0.125 0.1945423342622392 0.19383132457733154
1.3877551555633545 0.1666666716337204 0.18273342032173012 0.18160811066627502
1.3877551555633545 0.2083333432674408 0.17212564861092872 0.1717393398284912
1.3877551555633545 0.25 0.16466764084783211 0.16382184624671936
1.3877551555633545 0.2916666865348816 0.15876050451151724 0.15755954384803772
1.3877551555633545 0.3333333432674408 0.15368681632292677 0.15273070335388184
1.3877551555633545 0.375 0.15038249580397794 0.1491621732711792
1.3877551555633545 0.4166666865348816 0.14808009012551984 0.1467125415802002
1.3877551555633545 0.4583333432674408 0.14657982986804408 0.14527058601379395
1.3877551555633545 0.5 0.14615911385825603 0.14475798606872559
1.3877551555633545 0.5416666269302368 0.1465798961921517 0.14513862133026123
1.3877551555633545 0.5833333134651184 0.1480802294330883 0.1464284062385559
1.3877551555633545 0.625 0.15038269715737987 0.14869633316993713
1.3877551555633545 0.6666666269302368 0.15368707588730882 0.1520633101463318
1.3877551555633545 0.7083333134651184 0.15876082378341444 0.15669015049934387
1.3877551555633545 0.75 0.16466800719434302 0.16276815533638
1.3877551555633545 0.7916666865348816 0.17212605576815673 0.17051196098327637
1.3877551555633545 0.8333333134651184 0.18273386538280395 0.18018442392349243
1.3877551555633545 0.875 0.19454280559191042 0.19214382767677307
1.3877551555633545 0.9166666865348816 0.20907354946662185 0.20690670609474182
1.3877551555633545 0.9583333134651184 0.22939695006813043 0.22519883513450623
1.3877551555633545 1.0 0.2517944556888596 0.24795016646385193
1.4285714626312256 0.0 0.27582046860877035 0.2762303948402405
1.4285714626312256 0.0416666679084301 0.24820922898461922 0.24762776494026184
1.4285714626312256 0.0833333358168602 0.22313783769924356 0.22427746653556824
1.4285714626312256 0.125 0.2051960870181045 0.2053600549697876
1.4285714626312256 0.1666666716337204 0.1905996834018967 0.19006958603858948
1.4285714626312256 0.2083333432674408 0.17747089603511668 0.1777305006980896
1.4285714626312256 0.25 0.16822709025161223 0.16783097386360168
1.4285714626312256 0.2916666865348816 0.1608951719046978 0.15999606251716614
1.4285714626312256 0.3333333432674408 0.15458852905653594 0.15394890308380127
1.4285714626312256 0.375 0.15047569386006432 0.14947372674942017
1.4285714626312256 0.4166666865348816 0.14760692490738575 0.14639776945114136
1.4285714626312256 0.4583333432674408 0.14573614202197338 0.1445842683315277
1.4285714626312256 0.5 0.14521128998796698 0.14394187927246094
1.4285714626312256 0.5416666269302368 0.14573619974317387 0.14442726969718933
1.4285714626312256 0.5833333134651184 0.14760704620750792 0.14606183767318726
1.4285714626312256 0.625 0.15047586931369303 0.1489294171333313
1.4285714626312256 0.6666666269302368 0.15458875544616674 0.15317627787590027
1.4285714626312256 0.7083333134651184 0.16089545071431285 0.15899863839149475
1.4285714626312256 0.75 0.16822741054646312 0.16662967205047607
1.4285714626312256 0.7916666865348816 0.177471252428907 0.17634037137031555
1.4285714626312256 0.8333333134651184 0.19060007345234858 0.18845930695533752
1.4285714626312256 0.875 0.20519650047576288 0.20343422889709473
1.4285714626312256 0.9166666865348816 0.22313826823017668 0.22190618515014648
1.4285714626312256 0.9583333134651184 0.24820967100124378 0.24475711584091187
1.4285714626312256 1.0 0.2758209138996732 0.27308282256126404
1.4693877696990967 0.0 0.2937311425713384 0.29561081528663635
1.4693877696990967 0.0416666679084301 0.2620044478715465 0.2624758780002594
1.4693877696990967 0.0833333358168602 0.23317612282290992 0.23537102341651917
1.4693877696990967 0.125 0.2125268582866979 0.21341732144355774
1.4693877696990967 0.1666666716337204 0.19571015397319075 0.19568374752998352
1.4693877696990967 0.2083333432674408 0.1805651432862121 0.1813785433769226
1.4693877696990967 0.25 0.16988704079213368 0.1699005365371704
1.4693877696990967 0.2916666865348816 0.16140633061635498 0.16081255674362183
1.4693877696990967 0.3333333432674408 0.1541018140652119 0.15379273891448975
1.4693877696990967 0.375 0.1493324772088787 0.14859390258789062
1.4693877696990967 0.4166666865348816 0.1460027202237611 0.14501655101776123
1.4693877696990967 0.4583333432674408 0.1438298262922459 0.14290714263916016
1.4693877696990967 0.5 0.14321998754360304 0.14216026663780212
1.4693877696990967 0.5416666269302368 0.14382987650916926 0.1427314281463623
1.4693877696990967 0.5833333134651184 0.14600282579585183 0.14464294910430908
1.4693877696990967 0.625 0.1493326299995175 0.14799124002456665
1.4693877696990967 0.6666666269302368 0.15410201135674903 0.1529427170753479
1.4693877696990967 0.7083333134651184 0.1614065738236628 0.15972131490707397
1.4693877696990967 0.75 0.1698873204433006 0.16859784722328186
1.4693877696990967 0.7916666865348816 0.1805654547403927 0.17988643050193787
1.4693877696990967 0.8333333134651184 0.19571049516636346 0.19397273659706116
1.4693877696990967 0.875 0.21252722021818485 0.2113730013370514
1.4693877696990967 0.9166666865348816 0.23317649991241068 0.23282328248023987
1.4693877696990967 0.9583333134651184 0.26200483517411977 0.25932440161705017
1.4693877696990967 1.0 0.2937315327878182 0.2920827269554138
1.5102040767669678 0.0 0.30463238552572264 0.30758094787597656
1.5102040767669678 0.0416666679084301 0.27005126545495023 0.271273672580719
1.5102040767669678 0.0833333358168602 0.2386023817911992 0.24153128266334534
1.5102040767669678 0.125 0.21605086616003177 0.2174486219882965
1.5102040767669678 0.1666666716337204 0.197661886588032 0.19800323247909546
1.5102040767669678 0.2083333432674408 0.1810762112390401 0.1823161542415619
1.5102040767669678 0.25 0.16936378468883712 0.16972261667251587
1.5102040767669678 0.2916666865348816 0.1600477904465876 0.1597435474395752
1.5102040767669678 0.3333333432674408 0.15201201885329735 0.15202802419662476
1.5102040767669678 0.375 0.14675836525851924 0.14630848169326782
1.5102040767669678 0.4166666865348816 0.1430868708200305 0.14237064123153687
1.5102040767669678 0.4583333432674408 0.14068923664732846 0.14004728198051453
1.5102040767669678 0.5 0.14001606116919152 0.13922706246376038
1.5102040767669678 0.5416666269302368 0.14068928028087896 0.1398610770702362
1.5102040767669678 0.5833333134651184 0.14308696258019837 0.14197468757629395
1.5102040767669678 0.625 0.1467584981183001 0.145671546459198
1.5102040767669678 0.6666666269302368 0.15201219050662662 0.15113043785095215
1.5102040767669678 0.7083333134651184 0.16004800220701262 0.1585947871208191
1.5102040767669678 0.75 0.16936402835454395 0.1683618128299713
1.5102040767669678 0.7916666865348816 0.18107648280871325 0.18077820539474487
1.5102040767669678 0.8333333134651184 0.19766218431007773 0.19626984000205994
1.5102040767669678 0.875 0.21605118215705163 0.2154039740562439
1.5102040767669678 0.9166666865348816 0.23860271116703174 0.238978773355484
1.5102040767669678 0.9583333134651184 0.2700516038558047 0.26806679368019104
1.5102040767669678 1.0 0.3046327265031558 0.30393701791763306
1.5510203838348389 0.0 0.3079178081747348 0.31139805912971497
1.5510203838348389 0.0416666679084301 0.2718553855294835 0.27342575788497925
1.5510203838348389 0.0833333358168602 0.23902107004544174 0.24228757619857788
1.5510203838348389 0.125 0.2154405772520901 0.21707779169082642
1.5510203838348389 0.1666666716337204 0.1961804717022614 0.1967208981513977
1.5510203838348389 0.2083333432674408 0.17877539956115965 0.1802869439125061
1.5510203838348389 0.25 0.16645946616110346 0.16707658767700195
1.5510203838348389 0.2916666865348816 0.15664532209310167 0.1565927267074585
1.5510203838348389 0.3333333432674408 0.14816463730927756 0.1484750211238861
1.5510203838348389 0.375 0.142611423789306 0.14244899153709412
1.5510203838348389 0.4166666865348816 0.13872608257637828 0.13829556107521057
1.5510203838348389 0.4583333432674408 0.1361866593001305 0.13584521412849426
1.5510203838348389 0.5 0.13547335531572083 0.13498210906982422
1.5510203838348389 0.5416666269302368 0.13618669712691078 0.135657399892807
1.5510203838348389 0.5833333134651184 0.13872616214423358 0.1378956139087677
1.5510203838348389 0.625 0.14261153903533932 0.14180123805999756
1.5510203838348389 0.6666666269302368 0.1481647862716896 0.147559255361557
1.5510203838348389 0.7083333134651184 0.15664550596759932 0.15542009472846985
1.5510203838348389 0.75 0.16645967785673407 0.16569438576698303
1.5510203838348389 0.7916666865348816 0.1787756356303874 0.17874747514724731
1.5510203838348389 0.8333333134651184 0.19618073065520178 0.19502633810043335
1.5510203838348389 0.875 0.215440852221412 0.21512636542320251
1.5510203838348389 0.9166666865348816 0.23902135675448263 0.23987442255020142
1.5510203838348389 0.9583333134651184 0.2718556801650978 0.2703724205493927
1.5510203838348389 1.0 0.3079181050744357 0.30789899826049805
1.59183669090271 0.0 0.3032958691605516 0.3066848814487457
1.59183669090271 0.0416666679084301 0.2671820249418906 0.26864108443260193
1.59183669090271 0.0833333358168602 0.23424498705768382 0.23741358518600464
1.59183669090271 0.125 0.21053950650365258 0.21212536096572876
1.59183669090271 0.1666666716337204 0.19113181273921706 0.19168812036514282
1.59183669090271 0.2083333432674408 0.17354651574287996 0.17515945434570312
1.59183669090271 0.25 0.16106922332013532 0.16184061765670776
1.59183669090271 0.2916666865348816 0.15110237624836448 0.15124157071113586
1.59183669090271 0.3333333432674408 0.14246988941354083 0.14301440119743347
1.59183669090271 0.375 0.13680615754553746 0.1368943154811859
1.59183669090271 0.4166666865348816 0.13283781692652225 0.13267028331756592
1.59183669090271 0.4583333432674408 0.1302414800410939 0.13017749786376953
1.59183669090271 0.5 0.12951179609662156 0.12930265069007874
1.59183669090271 0.5416666269302368 0.13024151271847315 0.1299963891506195
1.59183669090271 0.5833333134651184 0.1328378856755796 0.13228094577789307
1.59183669090271 0.625 0.1368062571481683 0.13625773787498474
1.59183669090271 0.6666666269302368 0.14247001820013605 0.14210540056228638
1.59183669090271 0.7083333134651184 0.15110253529021653 0.1500706970691681
1.59183669090271 0.75 0.16106940650471213 0.1604609489440918
1.59183669090271 0.7916666865348816 0.17354672010640754 0.17364269495010376
1.59183669090271 0.8333333134651184 0.19113203701404288 0.19006481766700745
1.59183669090271 0.875 0.21053974473160467 0.21032238006591797
1.59183669090271 0.9166666865348816 0.23424523552269513 0.23523759841918945
1.59183669090271 0.9583333134651184 0.2671822803237601 0.2658945918083191
1.59183669090271 1.0 0.3032961265188435 0.3035363256931305
1.6326531171798706 0.0 0.2887068669367712 0.2934674322605133
1.6326531171798706 0.0416666679084301 0.25424058130609206 0.25695982575416565
1.6326531171798706 0.0833333358168602 0.22271091245197047 0.22695288062095642
1.6326531171798706 0.125 0.1999324690177522 0.20262649655342102
1.6326531171798706 0.1666666716337204 0.18120915833299625 0.18292376399040222
1.6326531171798706 0.2083333432674408 0.16416919775545183 0.16693446040153503
1.6326531171798706 0.25 0.15202634545191265 0.15399578213691711
1.6326531171798706 0.2916666865348816 0.1422902528860559 0.1436542570590973
1.6326531171798706 0.3333333432674408 0.13382843189835547 0.1355946958065033
1.6326531171798706 0.375 0.1282606801044117 0.12958014011383057
1.6326531171798706 0.4166666865348816 0.12435157372800655 0.1254194676876068
1.6326531171798706 0.4583333432674408 0.1217902755192559 0.12296241521835327
1.6326531171798706 0.5 0.12106989624616056 0.12210294604301453
1.6326531171798706 0.5416666269302368 0.12179030306522917 0.12279289960861206
1.6326531171798706 0.5833333134651184 0.12435163169055599 0.12505114078521729
1.6326531171798706 0.625 0.1282607640989417 0.1289682388305664
1.6326531171798706 0.6666666269302368 0.13382854053567703 0.1347077488899231
1.6326531171798706 0.7083333134651184 0.1422903870971042 0.1424989104270935
1.6326531171798706 0.75 0.15202650009360813 0.15262949466705322
1.6326531171798706 0.7916666865348816 0.1641693703399906 0.1654457449913025
1.6326531171798706 0.8333333134651184 0.18120934780598383 0.18137460947036743
1.6326531171798706 0.875 0.19993267033800752 0.2009822428226471
1.6326531171798706 0.9166666865348816 0.22271112247128858 0.2250472605228424
1.6326531171798706 0.9583333134651184 0.25424079720662635 0.2545936405658722
1.6326531171798706 1.0 0.2887070845183435 0.2907804846763611
1.6734694242477417 0.0 0.26783189590149886 0.2721906006336212
1.6734694242477417 0.0416666679084301 0.2362760264270615 0.2387639582157135
1.6734694242477417 0.0833333358168602 0.20727839699935918 0.21122035384178162
1.6734694242477417 0.125 0.18621419609568832 0.1888299286365509
1.6734694242477417 0.1666666716337204 0.16880303570213506 0.170615553855896
1.6734694242477417 0.2083333432674408 0.15286339464624799 0.15574464201927185
1.6734694242477417 0.25 0.14144110155193632 0.14362752437591553
1.6734694242477417 0.2916666865348816 0.13224020827637525 0.13387709856033325
1.6734694242477417 0.3333333432674408 0.12421045356527606 0.12623155117034912
1.6734694242477417 0.375 0.11890934807612526 0.12049734592437744
1.6734694242477417 0.4166666865348816 0.11517879796223345 0.11651769280433655
1.6734694242477417 0.4583333432674408 0.11273053972724388 0.1141636073589325
1.6734694242477417 0.5 0.11204138240610526 0.11334246397018433
1.6734694242477417 0.5416666269302368 0.11273056320643393 0.1140083372592926
1.6734694242477417 0.5833333134651184 0.11517884737278573 0.11617445945739746
1.6734694242477417 0.625 0.11890941968890338 0.11991557478904724
1.6734694242477417 0.6666666269302368 0.12421054620671827 0.125370591878891
1.6734694242477417 0.7083333134651184 0.13224032275608313 0.13273856043815613
1.6734694242477417 0.75 0.14144123349170065 0.14226964116096497
1.6734694242477417 0.7916666865348816 0.15286354193168797 0.15426981449127197
1.6734694242477417 0.8333333134651184 0.16880319744276884 0.16911721229553223
1.6734694242477417 0.875 0.18621436798384203 0.18731558322906494
1.6734694242477417 0.9166666865348816 0.20727857634255697 0.20956042408943176
1.6734694242477417 0.9583333134651184 0.23627621081246553 0.2367672324180603
1.6734694242477417 1.0 0.26783208172843675 0.26996469497680664
1.7142857313156128 0.0 0.24028304818472793 0.24370726943016052
1.7142857313156128 0.0416666679084301 0.21287142386075614 0.21476587653160095
1.7142857313156128 0.0833333358168602 0.18748273989664319 0.1907932162284851
1.7142857313156128 0.125 0.16886934036318935 0.1711902916431427
1.7142857313156128 0.1666666716337204 0.1533456191628867 0.15511220693588257
1.7142857313156128 0.2083333432674408 0.13900568419825307 0.141850084066391
1.7142857313156128 0.25 0.1286467208431659 0.130924791097641
1.7142857313156128 0.2916666865348816 0.12024905169234625 0.12204000353813171
1.7142857313156128 0.3333333432674408 0.11288027996252034 0.11500939726829529
1.7142857313156128 0.375 0.10799483963822602 0.10969823598861694
1.7142857313156128 0.4166666865348816 0.10454688871998012 0.1059924066066742
1.7142857313156128 0.4583333432674408 0.10227963787291423 0.10379374027252197
1.7142857313156128 0.5 0.10164079523249848 0.10302647948265076
1.7142857313156128 0.5416666269302368 0.10227965767466707 0.10365000367164612
1.7142857313156128 0.5833333134651184 0.1045469303950811 0.1056680977344513
1.7142857313156128 0.625 0.10799490004690986 0.1091364324092865
1.7142857313156128 0.6666666269302368 0.11288035812189098 0.1141621470451355
1.7142857313156128 0.7083333134651184 0.12024914829569358 0.12090247869491577
1.7142857313156128 0.75 0.12864683220165563 0.12955468893051147
1.7142857313156128 0.7916666865348816 0.13900580853267916 0.1403607428073883
1.7142857313156128 0.8333333134651184 0.15334575572762862 0.15362441539764404
1.7142857313156128 0.875 0.16886948551826825 0.16975203156471252
1.7142857313156128 0.9166666865348816 0.18748289136539179 0.18931293487548828
1.7142857313156128 0.9583333134651184 0.21287157960107178 0.2130594253540039
1.7142857313156128 1.0 0.2402832051464592 0.24184659123420715
1.7551020383834839 0.0 0.20712391514535863 0.2092457115650177
1.7551020383834839 0.0416666679084301 0.184912571023395 0.18597659468650818
1.7551020383834839 0.0833333358168602 0.16402701814351311 0.1664833426475525
1.7551020383834839 0.125 0.1484576288979533 0.15034613013267517
1.7551020383834839 0.1666666716337204 0.13527543584936183 0.1369066834449768
1.7551020383834839 0.2083333432674408 0.12292629188567895 0.12562638521194458
1.7551020383834839 0.25 0.11390028855834969 0.11616802215576172
1.7551020383834839 0.2916666865348816 0.10651913927071593 0.10835111141204834
1.7551020383834839 0.3333333432674408 0.09999631199924715 0.10208076238632202
1.7551020383834839 0.375 0.09564873345539067 0.09729203581809998
1.7551020383834839 0.4166666865348816 0.09256966803228664 0.09392401576042175
1.7551020383834839 0.4583333432674408 0.09054025807378435 0.0919143557548523
1.7551020383834839 0.5 0.08996776411378352 0.09120908379554749
1.7551020383834839 0.5416666269302368 0.09054027452357047 0.09177175164222717
1.7551020383834839 0.5833333134651184 0.09256970265500852 0.093598872423172
1.7551020383834839 0.625 0.0956487836461436 0.09672346711158752
1.7551020383834839 0.6666666269302368 0.09999637694588588 0.10121539235115051
1.7551020383834839 0.7083333134651184 0.10651921955586349 0.10717916488647461
1.7551020383834839 0.75 0.113900381119928 0.11474853754043579
1.7551020383834839 0.7916666865348816 0.12292639524822217 0.12408384680747986
1.7551020383834839 0.8333333134651184 0.1352755493969115 0.1353861689567566
1.7551020383834839 0.875 0.1484577496022343 0.14892977476119995
1.7551020383834839 0.9166666865348816 0.16402714410948138 0.16510823369026184
1.7551020383834839 0.9583333134651184 0.18491270055004927 0.18445950746536255
1.7551020383834839 1.0 0.2071240456902874 0.2076045274734497
1.795918345451355 0.0 0.16971844195764316 0.17034900188446045
1.795918345451355 0.0416666679084301 0.1535339948582207 0.15365377068519592
1.795918345451355 0.0833333358168602 0.13780084524727987 0.13929283618927002
1.795918345451355 0.125 0.12567601729407668 0.1270849108695984
1.795918345451355 0.1666666716337204 0.11513045327925102 0.11661219596862793
1.795918345451355 0.2083333432674408 0.10502644324651786 0.10754591226577759
1.795918345451355 0.25 0.09751424448419958 0.09972071647644043
1.795918345451355 0.2916666865348816 0.09129851125407384 0.09308865666389465
1.795918345451355 0.3333333432674408 0.08575611520700309 0.08765870332717896
1.795918345451355 0.375 0.08203829613143386 0.08344513177871704
1.795918345451355 0.4166666865348816 0.07939452446895144 0.08044511079788208
1.795918345451355 0.4583333432674408 0.07764738572458381 0.0786370038986206
1.795918345451355 0.5 0.07715387395584056 0.07799017429351807
1.795918345451355 0.5416666269302368 0.07764739909093628 0.07847654819488525
1.795918345451355 0.5833333134651184 0.07939455260318369 0.08008399605751038
1.795918345451355 0.625 0.0820383369189978 0.08282104134559631
1.795918345451355 0.6666666269302368 0.08575616799068306 0.08671736717224121
1.795918345451355 0.7083333134651184 0.09129857651141317 0.09182298183441162
1.795918345451355 0.75 0.0975143197285287 0.09819704294204712
1.795918345451355 0.7916666865348816 0.10502652728052618 0.10590454936027527
1.795918345451355 0.8333333134651184 0.11513054560456971 0.11502248048782349
1.795918345451355 0.875 0.12567611544731505 0.12565752863883972
1.795918345451355 0.9166666865348816 0.13780094768629012 0.13798105716705322
1.795918345451355 0.9583333134651184 0.1535341001980187 0.1522570252418518
1.795918345451355 1.0 0.1697185481270794 0.16881027817726135
1.836734652519226 0.0 0.12972441164479412 0.1287885308265686
1.836734652519226 0.0416666679084301 0.12011046899187304 0.11922737956047058
1.836734652519226 0.0833333358168602 0.10985547031576222 0.11035829782485962
1.836734652519226 0.125 0.10132352998295303 0.10230043530464172
1.836734652519226 0.1666666716337204 0.09351174011784302 0.09492775797843933
1.836734652519226 0.2083333432674408 0.08574751442079992 0.08815610408782959
1.836734652519226 0.25 0.07983210520962611 0.08201071619987488
1.836734652519226 0.2916666865348816 0.07486252510140641 0.07658883929252625
1.836734652519226 0.3333333432674408 0.0703830956964556 0.07201054692268372
1.836734652519226 0.375 0.0673562390216939 0.0683729350566864
1.836734652519226 0.4166666865348816 0.06519416740408955 0.06573536992073059
1.836734652519226 0.4583333432674408 0.06376128035057026 0.06411805748939514
1.836734652519226 0.5 0.06335597279069431 0.0635170042514801
1.836734652519226 0.5416666269302368 0.06376129085055049 0.06391209363937378
1.836734652519226 0.5833333134651184 0.06519418950582843 0.06528425216674805
1.836734652519226 0.625 0.06735627106532105 0.0676189661026001
1.836734652519226 0.6666666269302368 0.07038313716727364 0.07090672850608826
1.836734652519226 0.7083333134651184 0.07486257637697279 0.07514110207557678
1.836734652519226 0.75 0.07983216433737331 0.08030545711517334
1.836734652519226 0.7916666865348816 0.08574758046110913 0.08636248111724854
1.836734652519226 0.8333333134651184 0.0935118126804699 0.0932474136352539
1.836734652519226 0.875 0.10132360713116106 0.10087200999259949
1.836734652519226 0.9166666865348816 0.10985555083675112 0.10914188623428345
1.836734652519226 0.9583333134651184 0.12011055179600623 0.11798226833343506
1.836734652519226 1.0 0.12972449510196324 0.12735408544540405
1.8775510787963867 0.0 0.08412005520445204 0.08645832538604736
1.8775510787963867 0.0416666679084301 0.08209887275940846 0.08421775698661804
1.8775510787963867 0.0833333358168602 0.07782645634841921 0.08088380098342896
1.8775510787963867 0.125 0.07309776394923573 0.07694292068481445
1.8775510787963867 0.1666666716337204 0.0681860876148189 0.07260331511497498
1.8775510787963867 0.2083333432674408 0.06295734511670904 0.06805011630058289
1.8775510787963867 0.25 0.0588195601544137 0.0635102391242981
1.8775510787963867 0.2916666865348816 0.05527026613654482 0.059232741594314575
1.8775510787963867 0.3333333432674408 0.05202728686885872 0.05544698238372803
1.8775510787963867 0.375 0.049816881448975295 0.05233454704284668
1.8775510787963867 0.4166666865348816 0.04822996102750658 0.0500163733959198
1.8775510787963867 0.4583333432674408 0.04717492507539902 0.048556625843048096
1.8775510787963867 0.5 0.04687604500714373 0.04797559976577759
1.8775510787963867 0.5416666269302368 0.04717493255151099 0.0482650101184845
1.8775510787963867 0.5833333134651184 0.048229976764666324 0.04939979314804077
1.8775510787963867 0.625 0.049816904266025905 0.0513455867767334
1.8775510787963867 0.6666666269302368 0.0520273164002256 0.054058462381362915
1.8775510787963867 0.7083333134651184 0.055270302652427 0.05747976899147034
1.8775510787963867 0.75 0.05881960226503883 0.06151983141899109
1.8775510787963867 0.7916666865348816 0.06295739215358578 0.06603935360908508
1.8775510787963867 0.8333333134651184 0.06818613930079948 0.07082659006118774
1.8775510787963867 0.875 0.0730978189044267 0.07557690143585205
1.8775510787963867 0.9166666865348816 0.07782651370852031 0.07989451289176941
1.8775510787963867 0.9583333134651184 0.08209893174764366 0.08330985903739929
1.8775510787963867 1.0 0.08412011465840077 0.08534371852874756
1.9183673858642578 0.0 0.04580551816596401 0.04526042938232422
1.9183673858642578 0.0416666679084301 0.050104092946632726 0.05013972520828247
1.9183673858642578 0.0833333358168602 0.050165744081825246 0.052070021629333496
1.9183673858642578 0.125 0.048124284047362215 0.05196395516395569
1.9183673858642578 0.1666666716337204 0.04536704716732162 0.05039820075035095
1.9183673858642578 0.2083333432674408 0.04214667534113764 0.047838956117630005
1.9183673858642578 0.25 0.039492774556824664 0.04471680521965027
1.9183673858642578 0.2916666865348816 0.03717185512207317 0.0414278507232666
1.9183673858642578 0.3333333432674408 0.03502651438961337 0.03830939531326294
1.9183673858642578 0.375 0.03355402052307404 0.03562244772911072
1.9183673858642578 0.4166666865348816 0.032492695104582345 0.03354543447494507
1.9183673858642578 0.4583333432674408 0.03178540040268006 0.03218501806259155
1.9183673858642578 0.5 0.03158480446457676 0.03158724308013916
1.9183673858642578 0.5416666269302368 0.03178540532090428 0.03175586462020874
1.9183673858642578 0.5833333134651184 0.03249270545758276 0.032662928104400635
1.9183673858642578 0.625 0.03355403553408192 0.034259527921676636
1.9183673858642578 0.6666666269302368 0.0350265338184769 0.03647395968437195
1.9183673858642578 0.7083333134651184 0.03717187914707297 0.03920382261276245
1.9183673858642578 0.75 0.039492802263871085 0.04229861497879028
1.9183673858642578 0.7916666865348816 0.04214670629066135 0.04552507400512695
1.9183673858642578 0.8333333134651184 0.04536708117727195 0.04852697253227234
1.9183673858642578 0.875 0.04812432020961355 0.05077767372131348
1.9183673858642578 0.9166666865348816 0.05016578182749356 0.051553964614868164
1.9183673858642578 0.9583333134651184 0.050104131764347457 0.04994767904281616
1.9183673858642578 1.0 0.045805557290338715 0.04496949911117554
1.959183692932129 0.0 0.013477726608014202 0.006984353065490723
1.959183692932129 0.0416666679084301 0.02223008091154609 0.018410921096801758
1.959183692932129 0.0833333358168602 0.02425036700680869 0.02504149079322815
1.959183692932129 0.125 0.023774141525052802 0.028264164924621582
1.959183692932129 0.1666666716337204 0.022614361446204406 0.02904072403907776
1.959183692932129 0.2083333432674408 0.02110876963969356 0.028118044137954712
1.959183692932129 0.25 0.019822085094428746 0.02612394094467163
1.959183692932129 0.2916666865348816 0.018679412454520213 0.023591816425323486
1.959183692932129 0.3333333432674408 0.017614053324176957 0.02095562219619751
1.959183692932129 0.375 0.01687918681981153 0.01854807138442993
1.959183692932129 0.4166666865348816 0.01634807161251941 0.01660168170928955
1.959183692932129 0.4583333432674408 0.015993544974082802 0.015261650085449219
1.959183692932129 0.5 0.015892920701772933 0.014598459005355835
1.959183692932129 0.5416666269302368 0.01599354741358266 0.014628797769546509
1.959183692932129 0.5833333134651184 0.01634807674778522 0.015326976776123047
1.959183692932129 0.625 0.016879194265632284 0.01663529872894287
1.959183692932129 0.6666666269302368 0.017614062961532662 0.018463850021362305
1.959183692932129 0.7083333134651184 0.018679424371991313 0.020681381225585938
1.959183692932129 0.75 0.019822098838668006 0.0230901837348938
1.959183692932129 0.7916666865348816 0.02110878499272717 0.025380820035934448
1.959183692932129 0.8333333134651184 0.02261437831781114 0.02706700563430786
1.959183692932129 0.875 0.02377415946469096 0.027407854795455933
1.959183692932129 0.9166666865348816 0.024250385732220076 0.025346100330352783
1.959183692932129 0.9583333134651184 0.022230100168981255 0.01950925588607788
1.959183692932129 1.0 0.013477746017638223 0.008342117071151733
2.0 0.0 0.0 -0.02680450677871704
2.0 0.0416666679084301 0.0 -0.009732961654663086
2.0 0.0833333358168602 0.0 0.0007838606834411621
2.0 0.125 0.0 0.006643086671829224
2.0 0.1666666716337204 0.0 0.009190082550048828
2.0 0.2083333432674408 0.0 0.009440690279006958
2.0 0.25 0.0 0.008203297853469849
2.0 0.2916666865348816 0.0 0.006131112575531006
2.0 0.3333333432674408 0.0 0.003742784261703491
2.0 0.375 0.0 0.0014325380325317383
2.0 0.4166666865348816 0.0 -0.0005216300487518311
2.0 0.4583333432674408 0.0 -0.0019410550594329834
2.0 0.5 0.0 -0.0027306079864501953
2.0 0.5416666269302368 0.0 -0.0028586983680725098
2.0 0.5833333134651184 0.0 -0.0023450255393981934
2.0 0.625 0.0 -0.0012483596801757812
2.0 0.6666666269302368 0.0 0.0003350973129272461
2.0 0.7083333134651184 0.0 0.002261221408843994
2.0 0.75 0.0 0.004305750131607056
2.0 0.7916666865348816 0.0 0.006105601787567139
2.0 0.8333333134651184 0.0 0.007070600986480713
2.0 0.875 0.0 0.006266415119171143
2.0 0.9166666865348816 0.0 0.002318650484085083
2.0 0.9583333134651184 0.0 -0.0066093504428863525
2.0 1.0 0.0 -0.02267014980316162
